18:25:30 - Sep 05, 2023
Raw P0	raw P1	raw P2	calc P1	calc P2	Curr.Div.	Av.Div.	PWM	Used Div.
 
10105	16630	17401	1396	1239	4482	4485	258	4485
10105	16630	17400	1396	1238	4507	4484	258	4484
10104	16629	17399	1396	1238	4507	4490	258	4490
10105	16630	17401	1396	1239	4482	4494	258	4494
10104	16629	17401	1396	1240	4458	4491	258	4491
10106	16630	17400	1394	1237	4488	4483	258	4483
10105	16630	17401	1396	1239	4482	4484	258	4484
10106	16629	17400	1393	1237	4466	4484	258	4484
10109	16633	17403	1393	1237	4466	4479	258	4479
10104	16628	17398	1395	1237	4509	4476	258	4476
10105	16629	17400	1395	1238	4485	4484	258	4484
10106	16630	17401	1394	1238	4463	4484	258	4484
10103	16628	17399	1396	1239	4482	4479	258	4479
10104	16628	17400	1395	1239	4460	4480	258	4480
10106	16630	17401	1394	1238	4463	4475	258	4475
10105	16629	17400	1395	1238	4485	4472	258	4472
10104	16629	17400	1396	1239	4482	4475	258	4475
10104	16629	17400	1396	1239	4482	4477	258	4477
10105	16629	17399	1395	1237	4509	4478	258	4478
10104	16628	17400	1395	1239	4460	4486	258	4486
10104	16629	17400	1396	1239	4482	4479	258	4479
10106	16630	17401	1394	1238	4463	4480	258	4480
10106	16630	17400	1394	1237	4488	4476	258	4476
10104	16629	17399	1396	1238	4507	4479	258	4479
10105	16629	17400	1395	1238	4485	4486	258	4486
10106	16630	17400	1394	1237	4488	4486	258	4486
10103	16627	17399	1395	1239	4460	4486	258	4486
10105	16629	17400	1395	1238	4485	4480	258	4480
10105	16630	17401	1396	1239	4482	4481	258	4481
10103	16628	17399	1396	1239	4482	4481	258	4481
10104	16629	17400	1396	1239	4482	4481	258	4481
10106	16631	17401	1395	1238	4485	4482	258	4482
10108	16631	17402	1392	1237	4444	4482	258	4482
10103	16627	17397	1395	1237	4509	4473	258	4473
10104	16629	17400	1396	1239	4482	4482	258	4482
10106	16630	17401	1394	1238	4463	4482	258	4482
10104	16628	17398	1395	1237	4509	4477	258	4477
10104	16628	17400	1395	1239	4460	4485	258	4485
10105	16630	17400	1396	1238	4507	4479	258	4479
10104	16628	17399	1395	1238	4485	4486	258	4486
10104	16628	17399	1395	1238	4485	4486	258	4486
10105	16629	17400	1395	1238	4485	4485	258	4485
10105	16629	17400	1395	1238	4485	4485	258	4485
10106	16630	17400	1394	1237	4488	4485	258	4485
10105	16629	17400	1395	1238	4485	4486	258	4486
10104	16629	17400	1396	1239	4482	4486	258	4486
10105	16629	17400	1395	1238	4485	4485	258	4485
10104	16629	17399	1396	1238	4507	4485	258	4485
10105	16630	17401	1396	1239	4482	4490	258	4490
10105	16629	17400	1395	1238	4485	4488	258	4488
10104	16629	17399	1396	1238	4507	4488	258	4488
10104	16629	17400	1396	1239	4482	4492	258	4492
10105	16629	17400	1395	1238	4485	4490	258	4490
10105	16629	17399	1395	1237	4509	4489	258	4489
10104	16629	17399	1396	1238	4507	4494	258	4494
10105	16629	17400	1395	1238	4485	4497	257	4497
10104	16629	17400	1396	1239	4482	4494	258	4494
10104	16628	17399	1395	1238	4485	4491	258	4491
10105	16630	17401	1396	1239	4482	4489	258	4489
10104	16628	17399	1395	1238	4485	4488	258	4488
10104	16629	17400	1396	1239	4482	4487	258	4487
10104	16629	17399	1396	1238	4507	4486	258	4486
10105	16629	17400	1395	1238	4485	4491	258	4491
10105	16629	17400	1395	1238	4485	4489	258	4489
10104	16628	17399	1395	1238	4485	4488	258	4488
10105	16629	17400	1395	1238	4485	4488	258	4488
10105	16630	17400	1396	1238	4507	4487	258	4487
10104	16628	17399	1395	1238	4485	4492	258	4492
10105	16629	17400	1395	1238	4485	4490	258	4490
10105	16629	17400	1395	1238	4485	4489	258	4489
10104	16628	17399	1395	1238	4485	4488	258	4488
10104	16628	17399	1395	1238	4485	4487	258	4487
10105	16630	17401	1396	1239	4482	4487	258	4487
10105	16630	17401	1396	1239	4482	4485	258	4485
10106	16630	17400	1394	1237	4488	4485	258	4485
10104	16628	17399	1395	1238	4485	4485	258	4485
10104	16629	17400	1396	1239	4482	4485	258	4485
10105	16628	17399	1394	1237	4488	4485	258	4485
18:28:48 - Sep 05, 2023
Raw P0	raw P1	raw P2	calc P1	calc P2	Curr.Div.	Av.Div.	PWM	Used Div.
 
10104	16629	17400	1396	1239	4482	4481	258	4481
10103	16627	17399	1395	1239	4460	4481	258	4481
10105	16631	17403	1397	1241	4455	4476	259	4476
10106	16630	17401	1394	1238	4463	4471	258	4471
10104	16630	17401	1397	1240	4479	4469	259	4469
10105	16631	17402	1397	1240	4479	4471	259	4471
10105	16630	17401	1396	1239	4482	4473	259	4473
10106	16630	17400	1394	1237	4488	4475	258	4475
10103	16628	17400	1396	1240	4458	4479	258	4479
10106	16631	17401	1395	1238	4485	4473	258	4473
10106	16630	17400	1394	1237	4488	4476	258	4476
10106	16631	17401	1395	1238	4485	4479	258	4479
10106	16631	17402	1395	1239	4460	4481	258	4481
10106	16630	17400	1394	1237	4488	4476	258	4476
10105	16629	17400	1395	1238	4485	4479	258	4479
10104	16628	17399	1395	1238	4485	4480	258	4480
10105	16630	17402	1396	1240	4458	4481	258	4481
10104	16628	17399	1395	1238	4485	4476	258	4476
10105	16630	17400	1396	1238	4507	4478	258	4478
10103	16627	17398	1395	1238	4485	4485	258	4485
10106	16631	17401	1395	1238	4485	4485	258	4485
10105	16630	17401	1396	1239	4482	4485	258	4485
10106	16631	17402	1395	1239	4460	4484	258	4484
10104	16629	17401	1396	1240	4458	4478	258	4478
10104	16629	17400	1396	1239	4482	4473	259	4473
10106	16632	17402	1396	1239	4482	4476	258	4476
10106	16630	17400	1394	1237	4488	4477	258	4477
10105	16630	17400	1396	1238	4507	4480	258	4480
10103	16628	17400	1396	1240	4458	4487	258	4487
10107	16630	17400	1393	1236	4490	4479	258	4479
10105	16630	17400	1396	1238	4507	4482	258	4482
10103	16628	17400	1396	1240	4458	4488	258	4488
10105	16630	17400	1396	1238	4507	4481	258	4481
10107	16631	17401	1394	1237	4488	4487	258	4487
10104	16628	17398	1395	1237	4509	4488	258	4488
10103	16628	17399	1396	1239	4482	4493	258	4493
10107	16631	17402	1394	1238	4463	4490	257	4490
10104	16629	17399	1396	1238	4507	4483	258	4483
10103	16628	17400	1396	1240	4458	4489	258	4489
10108	16632	17402	1393	1237	4466	4482	258	4482
10104	16629	17400	1396	1239	4482	4478	258	4478
10105	16629	17400	1395	1238	4485	4479	258	4479
10106	16630	17400	1394	1237	4488	4480	258	4480
10105	16630	17401	1396	1239	4482	4482	258	4482
10106	16630	17400	1394	1237	4488	4482	258	4482
10105	16630	17400	1396	1238	4507	4484	258	4484
10105	16630	17400	1396	1238	4507	4489	258	4489
10106	16630	17400	1394	1237	4488	4494	257	4494
10104	16628	17398	1395	1237	4509	4492	258	4492
10104	16629	17400	1396	1239	4482	4497	257	4497
10105	16629	17400	1395	1238	4485	4493	257	4493
10104	16629	17400	1396	1239	4482	4491	258	4491
10105	16630	17401	1396	1239	4482	4489	258	4489
10104	16629	17401	1396	1240	4458	4487	258	4487
10106	16630	17400	1394	1237	4488	4480	258	4480
10106	16631	17402	1395	1239	4460	4482	258	4482
10104	16629	17399	1396	1238	4507	4476	258	4476
10104	16628	17398	1395	1237	4509	4484	258	4484
10104	16629	17400	1396	1239	4482	4490	258	4490
10106	16630	17400	1394	1237	4488	4488	258	4488
10105	16629	17399	1395	1237	4509	4488	258	4488
10103	16628	17400	1396	1240	4458	4493	258	4493
10106	16631	17401	1395	1238	4485	4485	258	4485
10104	16628	17398	1395	1237	4509	4485	258	4485
10104	16629	17400	1396	1239	4482	4491	258	4491
10106	16631	17401	1395	1238	4485	4488	258	4488
10105	16629	17400	1395	1238	4485	4488	258	4488
10103	16627	17398	1395	1238	4485	4487	258	4487
10105	16629	17400	1395	1238	4485	4486	258	4486
10106	16630	17400	1394	1237	4488	4486	258	4486
10103	16628	17399	1396	1239	4482	4487	258	4487
10104	16628	17400	1395	1239	4460	4485	258	4485
10106	16631	17401	1395	1238	4485	4479	258	4479
10105	16629	17400	1395	1238	4485	4481	258	4481
10103	16628	17399	1396	1239	4482	4482	258	4482
10104	16629	17400	1396	1239	4482	4482	258	4482
10107	16631	17402	1394	1238	4463	4482	258	4482
10104	16628	17399	1395	1238	4485	4477	258	4477
10104	16628	17399	1395	1238	4485	4479	258	4479
10106	16631	17403	1395	1240	4436	4480	258	4480
10105	16629	17399	1395	1237	4509	4469	259	4469
10105	16629	17400	1395	1238	4485	4479	258	4479
10104	16629	17400	1396	1239	4482	4481	258	4481
10105	16629	17399	1395	1237	4509	4481	258	4481
10104	16629	17400	1396	1239	4482	4488	258	4488
10105	16630	17402	1396	1240	4458	4487	258	4487
10106	16630	17400	1394	1237	4488	4479	258	4479
10106	16630	17400	1394	1237	4488	4482	258	4482
10106	16631	17401	1395	1238	4485	4483	258	4483
10106	16630	17401	1394	1238	4463	4484	258	4484
10105	16628	17399	1394	1237	4488	4478	258	4478
10104	16629	17400	1396	1239	4482	4481	258	4481
10105	16630	17401	1396	1239	4482	4481	258	4481
10104	16628	17400	1395	1239	4460	4481	258	4481
10107	16631	17401	1394	1237	4488	4476	258	4476
10107	16631	17401	1394	1237	4488	4479	258	4479
10104	16628	17400	1395	1239	4460	4481	258	4481
10105	16630	17402	1396	1240	4458	4476	258	4476
10105	16630	17400	1396	1238	4507	4472	259	4472
10104	16629	17401	1396	1240	4458	4480	258	4480
10108	16631	17401	1392	1236	4469	4475	258	4475
10105	16629	17399	1395	1237	4509	4473	258	4473
10104	16629	17400	1396	1239	4482	4482	258	4482
10105	16629	17401	1395	1239	4460	4482	258	4482
10106	16630	17401	1394	1238	4463	4477	258	4477
10106	16630	17401	1394	1238	4463	4473	258	4473
10105	16630	17402	1396	1240	4458	4471	259	4471
10105	16629	17400	1395	1238	4485	4468	259	4468
10106	16630	17401	1394	1238	4463	4472	258	4472
10104	16628	17399	1395	1238	4485	4470	259	4470
10104	16628	17399	1395	1238	4485	4473	258	4473
10105	16630	17401	1396	1239	4482	4476	258	4476
10104	16629	17400	1396	1239	4482	4478	258	4478
10104	16629	17400	1396	1239	4482	4479	258	4479
10105	16629	17400	1395	1238	4485	4480	258	4480
10105	16629	17400	1395	1238	4485	4481	258	4481
10104	16630	17401	1397	1240	4479	4482	258	4482
10105	16630	17401	1396	1239	4482	4481	258	4481
10104	16628	17399	1395	1238	4485	4481	258	4481
10104	16629	17400	1396	1239	4482	4482	258	4482
10105	16629	17400	1395	1238	4485	4482	258	4482
10104	16628	17399	1395	1238	4485	4483	258	4483
10105	16630	17401	1396	1239	4482	4484	258	4484
10104	16629	17400	1396	1239	4482	4483	258	4483
10105	16629	17400	1395	1238	4485	4483	258	4483
10105	16629	17400	1395	1238	4485	4483	258	4483
10105	16630	17401	1396	1239	4482	4484	258	4484
10103	16627	17399	1395	1239	4460	4483	258	4483
10104	16629	17401	1396	1240	4458	4478	258	4478
10106	16630	17401	1394	1238	4463	4473	258	4473
10106	16631	17401	1395	1238	4485	4470	259	4470
10104	16628	17399	1395	1238	4485	4474	258	4474
10105	16629	17400	1395	1238	4485	4477	258	4477
10105	16630	17401	1396	1239	4482	4479	258	4479
10104	16629	17399	1396	1238	4507	4479	258	4479
10105	16629	17401	1395	1239	4460	4486	258	4486
10106	16631	17402	1395	1239	4460	4480	258	4480
10104	16629	17400	1396	1239	4482	4475	258	4475
10104	16628	17398	1395	1237	4509	4477	258	4477
10105	16630	17400	1396	1238	4507	4485	258	4485
10105	16630	17402	1396	1240	4458	4490	258	4490
10105	16630	17400	1396	1238	4507	4482	258	4482
10105	16629	17399	1395	1237	4509	4488	258	4488
10104	16629	17401	1396	1240	4458	4494	258	4494
10105	16630	17400	1396	1238	4507	4485	258	4485
10105	16629	17400	1395	1238	4485	4490	258	4490
10104	16628	17399	1395	1238	4485	4489	258	4489
10105	16629	17400	1395	1238	4485	4488	258	4488
10105	16630	17401	1396	1239	4482	4487	258	4487
10103	16628	17400	1396	1240	4458	4486	258	4486
10104	16629	17401	1396	1240	4458	4479	258	4479
10106	16630	17401	1394	1238	4463	4474	258	4474
10104	16628	17399	1395	1238	4485	4471	258	4471
10105	16630	17402	1396	1240	4458	4474	259	4474
10106	16631	17403	1395	1240	4436	4470	259	4470
10104	16628	17398	1395	1237	4509	4462	259	4462
10104	16628	17400	1395	1239	4460	4474	258	4474
10106	16631	17401	1395	1238	4485	4470	259	4470
10105	16629	17400	1395	1238	4485	4474	258	4474
10104	16628	17399	1395	1238	4485	4477	258	4477
10105	16630	17400	1396	1238	4507	4479	258	4479
10107	16630	17401	1393	1237	4466	4486	257	4486
10104	16629	17399	1396	1238	4507	4481	258	4481
10104	16628	17400	1395	1239	4460	4487	258	4487
10106	16630	17401	1394	1238	4463	4480	258	4480
10104	16629	17400	1396	1239	4482	4476	258	4476
10104	16629	17399	1396	1238	4507	4478	258	4478
10106	16631	17401	1395	1238	4485	4485	258	4485
10105	16630	17400	1396	1238	4507	4485	258	4485
10104	16630	17401	1397	1240	4479	4490	258	4490
10106	16630	17399	1394	1236	4512	4488	258	4488
10106	16630	17400	1394	1237	4488	4494	257	4494
10106	16631	17402	1395	1239	4460	4492	258	4492
10105	16629	17399	1395	1237	4509	4484	258	4484
10104	16629	17400	1396	1239	4482	4490	258	4490
10104	16629	17401	1396	1240	4458	4488	258	4488
10106	16630	17400	1394	1237	4488	4481	258	4481
10104	16629	17399	1396	1238	4507	4483	258	4483
10104	16629	17400	1396	1239	4482	4489	258	4489
10106	16630	17400	1394	1237	4488	4487	258	4487
10104	16629	17400	1396	1239	4482	4487	258	4487
10105	16629	17400	1395	1238	4485	4486	258	4486
10105	16629	17399	1395	1237	4509	4486	258	4486
10105	16630	17401	1396	1239	4482	4491	258	4491
10105	16629	17400	1395	1238	4485	4489	258	4489
10104	16628	17399	1395	1238	4485	4488	258	4488
10106	16630	17400	1394	1237	4488	4487	258	4487
10105	16629	17401	1395	1239	4460	4488	258	4488
10102	16626	17397	1396	1238	4507	4481	258	4481
10104	16629	17400	1396	1239	4482	4487	258	4487
10106	16630	17401	1394	1238	4463	4486	258	4486
10106	16630	17400	1394	1237	4488	4480	258	4480
10104	16628	17399	1395	1238	4485	4482	258	4482
10105	16630	17401	1396	1239	4482	4483	258	4483
10105	16630	17400	1396	1238	4507	4483	258	4483
10103	16628	17399	1396	1239	4482	4489	258	4489
10105	16630	17400	1396	1238	4507	4487	258	4487
10107	16632	17402	1395	1238	4485	4492	258	4492
10103	16627	17398	1395	1238	4485	4490	258	4490
10105	16629	17400	1395	1238	4485	4489	258	4489
10106	16630	17401	1394	1238	4463	4488	258	4488
10103	16628	17399	1396	1239	4482	4482	258	4482
10104	16629	17401	1396	1240	4458	4482	258	4482
10108	16632	17402	1393	1237	4466	4476	258	4476
10103	16627	17397	1395	1237	4509	4473	258	4473
10103	16628	17399	1396	1239	4482	4482	258	4482
10107	16632	17403	1395	1239	4460	4482	258	4482
10105	16630	17401	1396	1239	4482	4477	258	4477
10106	16629	17399	1393	1236	4490	4478	258	4478
10106	16632	17403	1396	1240	4458	4481	258	4481
10105	16630	17401	1396	1239	4482	4475	258	4475
10104	16628	17400	1395	1239	4460	4477	258	4477
10106	16631	17401	1395	1238	4485	4473	258	4473
10104	16629	17399	1396	1238	4507	4476	258	4476
10104	16629	17400	1396	1239	4482	4483	258	4483
10105	16630	17400	1396	1238	4507	4483	258	4483
10106	16631	17401	1395	1238	4485	4489	258	4489
10106	16630	17401	1394	1238	4463	4488	258	4488
10105	16629	17400	1395	1238	4485	4482	258	4482
10104	16629	17399	1396	1238	4507	4483	258	4483
10104	16628	17400	1395	1239	4460	4489	258	4489
10108	16632	17402	1393	1237	4466	4481	258	4481
10104	16629	17400	1396	1239	4482	4478	258	4478
10104	16629	17399	1396	1238	4507	4479	258	4479
10106	16630	17400	1394	1237	4488	4486	258	4486
10104	16628	17399	1395	1238	4485	4486	258	4486
10104	16629	17400	1396	1239	4482	4486	258	4486
10107	16631	17400	1394	1236	4512	4485	258	4485
10105	16629	17399	1395	1237	4509	4492	258	4492
10103	16628	17399	1396	1239	4482	4496	257	4496
10107	16631	17402	1394	1238	4463	4492	257	4492
10105	16630	17401	1396	1239	4482	4485	258	4485
10105	16629	17399	1395	1237	4509	4484	258	4484
10106	16631	17402	1395	1239	4460	4491	258	4491
10106	16630	17400	1394	1237	4488	4483	258	4483
10105	16629	17399	1395	1237	4509	4484	258	4484
10105	16629	17400	1395	1238	4485	4490	258	4490
10106	16630	17400	1394	1237	4488	4489	257	4489
10104	16628	17399	1395	1238	4485	4489	258	4489
10104	16630	17401	1397	1240	4479	4488	258	4488
10105	16630	17401	1396	1239	4482	4486	258	4486
10104	16629	17399	1396	1238	4507	4485	258	4485
10105	16630	17401	1396	1239	4482	4490	258	4490
10106	16630	17400	1394	1237	4488	4488	258	4488
10105	16629	17399	1395	1237	4509	4488	258	4488
10104	16629	17400	1396	1239	4482	4493	258	4493
10104	16629	17400	1396	1239	4482	4491	258	4491
10104	16629	17399	1396	1238	4507	4488	258	4488
10105	16629	17400	1395	1238	4485	4493	257	4493
10105	16629	17399	1395	1237	4509	4491	258	4491
10104	16628	17399	1395	1238	4485	4496	257	4496
10105	16630	17402	1396	1240	4458	4493	258	4493
10106	16630	17400	1394	1237	4488	4484	258	4484
10103	16628	17398	1396	1238	4507	4485	258	4485
10104	16629	17400	1396	1239	4482	4491	258	4491
10105	16629	17400	1395	1238	4485	4488	258	4488
10104	16628	17399	1395	1238	4485	4488	258	4488
10105	16630	17401	1396	1239	4482	4487	258	4487
10104	16629	17400	1396	1239	4482	4486	258	4486
10104	16628	17400	1395	1239	4460	4485	258	4485
10105	16629	17399	1395	1237	4509	4478	258	4478
10105	16629	17399	1395	1237	4509	4486	258	4486
10104	16629	17400	1396	1239	4482	4492	258	4492
10104	16629	17400	1396	1239	4482	4489	258	4489
10104	16629	17400	1396	1239	4482	4488	258	4488
10105	16630	17400	1396	1238	4507	4486	258	4486
10104	16629	17399	1396	1238	4507	4491	258	4491
10104	16628	17399	1395	1238	4485	4495	257	4495
10105	16629	17400	1395	1238	4485	4493	257	4493
10106	16631	17401	1395	1238	4485	4491	258	4491
10103	16628	17398	1396	1238	4507	4489	258	4489
10106	16630	17400	1394	1237	4488	4494	257	4494
10105	16630	17400	1396	1238	4507	4492	258	4492
10106	16631	17401	1395	1238	4485	4496	257	4496
10108	16632	17401	1393	1236	4490	4493	257	4493
10103	16628	17399	1396	1239	4482	4493	258	4493
10104	16629	17401	1396	1240	4458	4490	258	4490
10105	16630	17401	1396	1239	4482	4482	258	4482
10104	16628	17399	1395	1238	4485	4482	258	4482
10105	16630	17402	1396	1240	4458	4483	258	4483
10106	16631	17401	1395	1238	4485	4476	258	4476
10106	16630	17400	1394	1237	4488	4479	258	4479
10106	16630	17401	1394	1238	4463	4481	258	4481
10105	16628	17399	1394	1237	4488	4476	258	4476
10104	16630	17402	1397	1241	4455	4479	258	4479
10107	16631	17401	1394	1237	4488	4473	258	4473
10104	16628	17398	1395	1237	4509	4477	258	4477
10105	16630	17401	1396	1239	4482	4485	258	4485
10106	16631	17402	1395	1239	4460	4484	258	4484
10105	16629	17400	1395	1238	4485	4478	258	4478
10104	16628	17399	1395	1238	4485	4480	258	4480
10105	16630	17400	1396	1238	4507	4481	258	4481
10107	16631	17402	1394	1238	4463	4488	258	4488
10104	16629	17401	1396	1240	4458	4482	258	4482
10105	16630	17401	1396	1239	4482	4476	258	4476
10105	16629	17400	1395	1238	4485	4477	258	4477
10104	16629	17400	1396	1239	4482	4479	258	4479
10106	16630	17401	1394	1238	4463	4480	258	4480
10107	16631	17401	1394	1237	4488	4476	258	4476
10104	16629	17399	1396	1238	4507	4479	258	4479
10105	16630	17401	1396	1239	4482	4486	258	4486
10106	16630	17400	1394	1237	4488	4485	258	4485
10104	16629	17400	1396	1239	4482	4485	258	4485
10105	16629	17400	1395	1238	4485	4485	258	4485
10106	16630	17400	1394	1237	4488	4485	258	4485
10106	16630	17400	1394	1237	4488	4485	258	4485
10104	16628	17400	1395	1239	4460	4486	258	4486
10105	16630	17401	1396	1239	4482	4480	258	4480
10105	16630	17401	1396	1239	4482	4480	258	4480
10106	16630	17401	1394	1238	4463	4481	258	4481
10105	16629	17400	1395	1238	4485	4476	258	4476
10106	16631	17402	1395	1239	4460	4478	258	4478
10108	16632	17402	1393	1237	4466	4474	258	4474
10105	16629	17399	1395	1237	4509	4472	258	4472
10104	16628	17399	1395	1238	4485	4481	258	4481
10108	16632	17402	1393	1237	4466	4482	258	4482
10106	16629	17398	1393	1235	4515	4478	258	4478
10106	16629	17400	1393	1237	4466	4487	257	4487
10106	16632	17403	1396	1240	4458	4482	258	4482
10104	16629	17401	1396	1240	4458	4476	258	4476
10103	16628	17401	1396	1241	4433	4472	259	4472
10107	16631	17401	1394	1237	4488	4462	259	4462
10105	16630	17400	1396	1238	4507	4468	259	4468
10103	16629	17401	1397	1241	4455	4478	258	4478
10108	16632	17402	1393	1237	4466	4472	258	4472
10104	16628	17399	1395	1238	4485	4471	258	4471
10105	16629	17401	1395	1239	4460	4474	258	4474
10105	16630	17402	1396	1240	4458	4471	259	4471
10104	16628	17398	1395	1237	4509	4468	259	4468
10104	16629	17399	1396	1238	4507	4478	258	4478
10107	16632	17403	1395	1239	4460	4485	258	4485
10105	16630	17401	1396	1239	4482	4479	258	4479
10102	16627	17398	1397	1239	4504	4480	258	4480
10107	16632	17403	1395	1239	4460	4486	258	4486
10106	16630	17400	1394	1237	4488	4479	258	4479
10101	16627	17399	1398	1241	4477	4481	258	4481
10109	16635	17408	1395	1242	4387	4480	258	4480
10108	16631	17400	1392	1235	4493	4457	259	4457
10103	16627	17398	1395	1238	4485	4466	259	4466
10107	16631	17401	1394	1237	4488	4471	258	4471
10108	16633	17403	1394	1238	4463	4475	258	4475
10104	16629	17400	1396	1239	4482	4472	259	4472
10106	16630	17401	1394	1238	4463	4475	258	4475
10105	16630	17401	1396	1239	4482	4472	259	4472
10107	16630	17400	1393	1236	4490	4474	258	4474
10106	16629	17399	1393	1236	4490	4478	258	4478
10104	16630	17402	1397	1241	4455	4481	258	4481
10106	16630	17401	1394	1238	4463	4475	258	4475
10105	16629	17399	1395	1237	4509	4472	258	4472
10104	16629	17400	1396	1239	4482	4481	258	4481
10105	16629	17400	1395	1238	4485	4481	258	4481
10104	16629	17401	1396	1240	4458	4482	258	4482
10104	16628	17400	1395	1239	4460	4476	258	4476
10105	16629	17400	1395	1238	4485	4472	258	4472
10106	16631	17403	1395	1240	4436	4475	258	4475
10105	16628	17399	1394	1237	4488	4466	259	4466
10105	16629	17400	1395	1238	4485	4471	258	4471
10106	16630	17401	1394	1238	4463	4475	258	4475
10106	16630	17400	1394	1237	4488	4472	258	4472
10105	16629	17399	1395	1237	4509	4476	258	4476
10106	16631	17401	1395	1238	4485	4484	258	4484
10106	16631	17401	1395	1238	4485	4484	258	4484
10104	16629	17400	1396	1239	4482	4484	258	4484
10104	16629	17401	1396	1240	4458	4484	258	4484
10105	16630	17401	1396	1239	4482	4477	258	4477
10105	16630	17400	1396	1238	4507	4479	258	4479
10104	16629	17400	1396	1239	4482	4486	258	4486
10105	16629	17401	1395	1239	4460	4485	258	4485
10105	16629	17399	1395	1237	4509	4478	258	4478
10105	16629	17400	1395	1238	4485	4486	258	4486
10104	16628	17398	1395	1237	4509	4486	258	4486
10105	16630	17401	1396	1239	4482	4492	258	4492
10105	16629	17400	1395	1238	4485	4489	258	4489
10105	16629	17400	1395	1238	4485	4488	258	4488
10105	16630	17402	1396	1240	4458	4487	258	4487
10104	16628	17399	1395	1238	4485	4480	258	4480
10105	16629	17400	1395	1238	4485	4481	258	4481
10106	16631	17401	1395	1238	4485	4482	258	4482
10104	16629	17400	1396	1239	4482	4483	258	4483
10105	16630	17400	1396	1238	4507	4483	258	4483
10106	16630	17400	1394	1237	4488	4489	257	4489
10104	16628	17399	1395	1238	4485	4489	258	4489
10105	16630	17401	1396	1239	4482	4488	258	4488
10105	16630	17400	1396	1238	4507	4486	258	4486
10105	16630	17401	1396	1239	4482	4491	258	4491
10104	16629	17400	1396	1239	4482	4489	258	4489
10105	16629	17399	1395	1237	4509	4487	258	4487
10105	16630	17400	1396	1238	4507	4493	258	4493
10104	16628	17398	1395	1237	4509	4496	257	4496
10104	16629	17400	1396	1239	4482	4500	257	4500
10105	16629	17400	1395	1238	4485	4495	257	4495
10103	16628	17399	1396	1239	4482	4493	258	4493
10105	16629	17401	1395	1239	4460	4490	258	4490
10105	16630	17400	1396	1238	4507	4482	258	4482
10105	16630	17402	1396	1240	4458	4489	258	4489
10105	16629	17399	1395	1237	4509	4481	258	4481
10104	16628	17399	1395	1238	4485	4488	258	4488
10105	16630	17401	1396	1239	4482	4487	258	4487
10107	16631	17402	1394	1238	4463	4486	258	4486
10105	16629	17400	1395	1238	4485	4480	258	4480
10105	16629	17400	1395	1238	4485	4481	258	4481
10107	16630	17399	1393	1235	4515	4482	258	4482
10106	16631	17400	1395	1237	4509	4491	258	4491
10102	16627	17399	1397	1240	4479	4495	258	4495
10104	16629	17401	1396	1240	4458	4491	258	4491
10106	16630	17400	1394	1237	4488	4483	258	4483
10104	16629	17400	1396	1239	4482	4484	258	4484
10107	16631	17401	1394	1237	4488	4484	258	4484
10104	16628	17399	1395	1238	4485	4485	258	4485
10105	16629	17400	1395	1238	4485	4485	258	4485
10103	16628	17399	1396	1239	4482	4485	258	4485
10107	16632	17402	1395	1238	4485	4484	258	4484
10106	16630	17401	1394	1238	4463	4484	258	4484
10104	16629	17399	1396	1238	4507	4479	258	4479
10104	16629	17399	1396	1238	4507	4486	258	4486
10106	16631	17401	1395	1238	4485	4491	258	4491
10104	16629	17400	1396	1239	4482	4490	258	4490
10103	16628	17399	1396	1239	4482	4488	258	4488
10109	16634	17405	1394	1239	4439	4486	258	4486
10105	16629	17398	1395	1236	4534	4474	258	4474
10103	16628	17399	1396	1239	4482	4489	258	4489
10106	16631	17402	1395	1239	4460	4488	258	4488
10104	16629	17400	1396	1239	4482	4481	258	4481
10103	16628	17399	1396	1239	4482	4481	258	4481
10104	16629	17400	1396	1239	4482	4481	258	4481
10105	16629	17399	1395	1237	4509	4481	258	4481
10104	16629	17399	1396	1238	4507	4488	258	4488
10104	16629	17400	1396	1239	4482	4493	258	4493
10105	16630	17401	1396	1239	4482	4490	258	4490
10104	16628	17398	1395	1237	4509	4488	258	4488
10104	16629	17401	1396	1240	4458	4494	258	4494
10106	16630	17401	1394	1238	4463	4485	258	4485
10105	16629	17399	1395	1237	4509	4479	258	4479
10104	16630	17402	1397	1241	4455	4487	258	4487
10106	16631	17402	1395	1239	4460	4479	258	4479
10104	16628	17399	1395	1238	4485	4474	258	4474
10104	16629	17399	1396	1238	4507	4477	258	4477
10106	16630	17401	1394	1238	4463	4484	258	4484
10105	16629	17399	1395	1237	4509	4479	258	4479
10103	16629	17400	1397	1240	4479	4486	258	4486
10105	16629	17400	1395	1238	4485	4485	258	4485
10106	16631	17402	1395	1239	4460	4485	258	4485
10106	16630	17400	1394	1237	4488	4478	258	4478
10104	16629	17400	1396	1239	4482	4481	258	4481
10106	16630	17401	1394	1238	4463	4481	258	4481
10106	16630	17400	1394	1237	4488	4477	258	4477
10104	16629	17401	1396	1240	4458	4479	258	4479
10106	16630	17401	1394	1238	4463	4474	258	4474
10104	16628	17399	1395	1238	4485	4471	258	4471
10104	16629	17400	1396	1239	4482	4475	258	4475
10105	16630	17400	1396	1238	4507	4477	258	4477
10105	16629	17400	1395	1238	4485	4484	258	4484
10105	16629	17400	1395	1238	4485	4484	258	4484
10105	16629	17400	1395	1238	4485	4485	258	4485
10105	16629	17400	1395	1238	4485	4485	258	4485
10106	16630	17401	1394	1238	4463	4485	258	4485
10104	16629	17400	1396	1239	4482	4479	258	4479
10104	16628	17399	1395	1238	4485	4480	258	4480
10106	16630	17400	1394	1237	4488	4481	258	4481
10105	16629	17401	1395	1239	4460	4483	258	4483
10106	16631	17402	1395	1239	4460	4477	258	4477
10106	16629	17400	1393	1237	4466	4473	258	4473
10105	16631	17402	1397	1240	4479	4471	259	4471
10105	16630	17400	1396	1238	4507	4473	259	4473
10104	16628	17399	1395	1238	4485	4482	258	4482
10106	16630	17401	1394	1238	4463	4482	258	4482
10107	16631	17400	1394	1236	4512	4478	258	4478
10104	16629	17400	1396	1239	4482	4486	258	4486
10106	16630	17401	1394	1238	4463	4485	258	4485
10107	16631	17401	1394	1237	4488	4480	258	4480
10107	16631	17401	1394	1237	4488	4482	258	4482
10105	16629	17400	1395	1238	4485	4483	258	4483
10106	16631	17401	1395	1238	4485	4484	258	4484
10105	16629	17401	1395	1239	4460	4484	258	4484
10104	16629	17400	1396	1239	4482	4478	258	4478
10105	16630	17401	1396	1239	4482	4479	258	4479
10104	16629	17400	1396	1239	4482	4480	258	4480
10104	16629	17400	1396	1239	4482	4480	258	4480
10105	16630	17401	1396	1239	4482	4481	258	4481
10104	16628	17399	1395	1238	4485	4481	258	4481
10104	16628	17400	1395	1239	4460	4482	258	4482
10107	16631	17402	1394	1238	4463	4476	258	4476
10105	16630	17401	1396	1239	4482	4473	259	4473
10104	16629	17400	1396	1239	4482	4475	258	4475
10106	16630	17401	1394	1238	4463	4477	258	4477
10106	16630	17400	1394	1237	4488	4474	258	4474
10118	16640	17410	1387	1235	4384	4477	257	4477
10103	16628	17400	1396	1240	4458	4454	259	4454
10108	16633	17404	1394	1239	4439	4455	259	4455
10105	16629	17400	1395	1238	4485	4451	259	4451
10104	16628	17399	1395	1238	4485	4459	259	4459
10107	16632	17403	1395	1239	4460	4466	259	4466
10103	16628	17400	1396	1240	4458	4464	259	4464
10102	16626	17397	1396	1238	4507	4463	259	4463
10114	16465	17269	1218	1098	4014	4474	232	4474
10111	16318	17125	1075	957	4390	4359	215	4359
10114	16381	17171	1134	1000	4678	4367	223	4367
10112	16422	17215	1178	1046	4468	4444	227	4444
10112	16432	17218	1188	1049	4638	4450	228	4450
10113	16582	17356	1336	1186	4476	4497	248	4497
10118	16726	17489	1473	1314	4329	4492	269	4492
10117	16748	17506	1497	1332	4406	4451	275	4451
10114	16747	17508	1500	1337	4353	4440	276	4440
10115	16748	17509	1500	1337	4353	4418	277	4418
10116	16749	17510	1499	1337	4333	4402	278	4402
10116	16748	17509	1498	1336	4335	4385	278	4385
10115	16748	17509	1500	1337	4353	4372	279	4372
10116	16749	17510	1499	1337	4333	4368	279	4368
10116	16749	17509	1499	1336	4356	4359	280	4359
10116	16749	17509	1499	1336	4356	4358	280	4358
10115	16748	17509	1500	1337	4353	4358	280	4358
10116	16750	17510	1500	1337	4353	4356	280	4356
10116	16749	17510	1499	1337	4333	4356	280	4356
10115	16749	17509	1501	1337	4373	4350	281	4350
10116	16750	17510	1500	1337	4353	4356	280	4356
10116	16750	17510	1500	1337	4353	4355	280	4355
10116	16750	17510	1500	1337	4353	4354	280	4354
10115	16749	17510	1501	1338	4351	4354	280	4354
10115	16750	17510	1502	1338	4371	4353	281	4353
10116	16750	17510	1500	1337	4353	4358	280	4358
10115	16749	17510	1501	1338	4351	4357	280	4357
10115	16749	17510	1501	1338	4351	4355	280	4355
10116	16749	17510	1499	1337	4333	4354	280	4354
10116	16750	17510	1500	1337	4353	4349	280	4349
10115	16750	17511	1502	1339	4348	4350	281	4350
10116	16750	17511	1500	1338	4331	4349	280	4349
10116	16750	17511	1500	1338	4331	4345	281	4345
10116	16750	17510	1500	1337	4353	4341	281	4341
10116	16750	17510	1500	1337	4353	4344	281	4344
18:37:33 - Sep 05, 2023
Raw P0	raw P1	raw P2	calc P1	calc P2	Curr.Div.	Av.Div.	PWM	Used Div.
 
10128	17325	18033	2058	1847	4147	4165	380	4165
10127	17323	18030	2058	1845	4179	4161	381	4161
10125	17321	18028	2059	1845	4194	4165	381	4165
10127	17324	18031	2059	1846	4178	4173	380	4173
10128	17324	18030	2057	1844	4181	4174	380	4174
10125	17321	18029	2059	1846	4178	4176	380	4176
10127	17324	18031	2059	1846	4178	4176	380	4176
10129	17325	18032	2057	1845	4165	4177	379	4177
10124	17321	18027	2060	1845	4208	4174	380	4174
10121	17132	17903	1875	1724	3430	4182	350	4182
10131	16941	17705	1670	1516	3806	3994	330	3994
10183	17137	17859	1795	1616	4053	3947	354	3947
10126	17283	17994	2019	1810	4180	3974	390	3974
10136	17347	18049	2069	1855	4177	4025	394	4025
10125	17334	18040	2072	1857	4188	4063	391	4063
10130	17341	18049	2072	1861	4124	4094	389	4094
10136	17345	18051	2067	1857	4116	4102	387	4102
10130	17339	18044	2070	1856	4175	4105	387	4105
10129	17339	18046	2071	1859	4141	4123	386	4123
10131	17342	18049	2071	1860	4125	4127	386	4127
10131	17340	18046	2069	1857	4145	4127	385	4127
10129	17339	18045	2071	1858	4157	4131	385	4131
10130	17340	18047	2071	1859	4141	4138	385	4138
10130	17340	18047	2071	1859	4141	4139	385	4139
10129	17339	18045	2071	1858	4157	4139	385	4139
10130	17340	18047	2071	1859	4141	4144	384	4144
10130	17340	18047	2071	1859	4141	4143	384	4143
10130	17341	18047	2072	1859	4156	4142	385	4142
10184	17367	18062	2023	1818	4107	4146	376	4146
10125	17114	17874	1852	1691	3635	4136	350	4136
10127	16990	17739	1725	1554	4034	4011	338	4011
10127	17126	17845	1861	1660	4331	4017	360	4017
10129	17187	17903	1919	1716	4256	4095	363	4095
10139	17346	18035	2064	1837	4398	4135	384	4135
10141	17569	18238	2284	2038	4321	4201	414	4201
10144	17657	18321	2368	2118	4249	4231	424	4231
10144	17666	18337	2377	2134	4137	4236	425	4236
10142	17664	18340	2378	2139	4079	4211	428	4211
10143	17667	18343	2379	2141	4064	4178	431	4178
10144	17668	18343	2379	2140	4078	4149	434	4149
10144	17666	18342	2377	2139	4067	4132	435	4132
10143	17665	18341	2377	2139	4067	4115	437	4115
10143	17665	18342	2377	2140	4053	4103	438	4103
10143	17666	18342	2378	2140	4065	4091	439	4091
10144	17666	18342	2377	2139	4067	4084	439	4084
10143	17665	18341	2377	2139	4067	4080	440	4080
10142	17665	18342	2379	2141	4064	4077	440	4077
10144	17667	18344	2378	2141	4051	4074	440	4074
10156	17679	18357	2373	2142	3975	4068	440	4068
10120	17599	18315	2344	2137	3680	4045	438	4045
10122	17392	18128	2134	1948	3642	3953	411	3953
10123	17373	18073	2113	1892	4216	3876	415	3876
10125	17525	18195	2263	2012	4429	3961	432	3961
10158	17727	18377	2418	2160	4287	4078	447	4078
10158	17925	18554	2616	2337	4285	4130	474	4130
10171	17973	18608	2646	2377	4118	4169	475	4169
10195	17981	18611	2622	2356	4111	4156	472	4156
10132	17717	18424	2445	2234	3615	4145	445	4145
10139	17530	18254	2248	2056	3586	4012	425	4012
10180	17665	18306	2327	2066	4472	3906	449	3906
10147	17846	18484	2553	2278	4321	4047	472	4047
10146	17975	18598	2683	2393	4333	4116	486	4116
10141	17993	18618	2708	2418	4300	4170	484	4170
10140	17991	18625	2708	2426	4201	4202	481	4202
10140	17991	18632	2708	2433	4114	4202	481	4202
10142	17993	18637	2707	2436	4066	4180	483	4180
10140	17991	18637	2708	2438	4053	4152	486	4152
10140	17992	18638	2709	2439	4052	4127	489	4127
10140	17992	18638	2709	2439	4052	4108	491	4108
10140	17991	18637	2708	2438	4053	4094	493	4094
10139	17990	18635	2708	2437	4065	4084	494	4084
10139	17990	18636	2708	2438	4053	4079	494	4079
10139	17991	18637	2709	2439	4052	4073	495	4073
10140	17991	18637	2708	2438	4053	4067	496	4067
10140	17991	18636	2708	2437	4065	4064	496	4064
10139	17990	18636	2708	2438	4053	4064	496	4064
10140	17991	18637	2708	2438	4053	4061	496	4061
10140	17992	18637	2709	2438	4064	4059	497	4059
10142	17993	18638	2707	2437	4054	4061	496	4061
10142	17993	18638	2707	2437	4054	4059	496	4059
10140	17992	18638	2709	2439	4052	4058	497	4058
10141	17993	18638	2708	2438	4053	4056	497	4056
10141	17992	18638	2707	2438	4042	4055	497	4055
10141	17992	18637	2707	2437	4054	4052	497	4052
10141	17992	18638	2707	2438	4042	4053	497	4053
10142	17993	18639	2707	2438	4042	4050	497	4050
10141	17993	18638	2708	2438	4053	4048	498	4048
10141	17993	18638	2708	2438	4053	4049	498	4049
10140	17992	18638	2709	2439	4052	4050	498	4050
10141	17993	18639	2708	2439	4041	4051	497	4051
10140	17993	18639	2710	2440	4050	4048	498	4048
10140	17992	18638	2709	2439	4052	4049	498	4049
10140	17992	18638	2709	2439	4052	4049	498	4049
10141	17993	18639	2708	2439	4041	4050	497	4050
10140	17992	18638	2709	2439	4052	4048	498	4048
10140	17992	18638	2709	2439	4052	4049	498	4049
10140	17992	18639	2709	2440	4039	4050	498	4050
10140	17992	18638	2709	2439	4052	4047	498	4047
10140	17992	18638	2709	2439	4052	4048	498	4048
10141	17993	18639	2708	2439	4041	4049	498	4049
10140	17992	18638	2709	2439	4052	4047	498	4047
10142	17994	18640	2708	2439	4041	4048	498	4048
10142	17995	18641	2709	2440	4039	4047	498	4047
10141	17993	18640	2708	2440	4028	4045	498	4045
10140	17992	18638	2709	2439	4052	4040	499	4040
10140	17993	18639	2710	2440	4050	4043	499	4043
10141	17993	18638	2708	2438	4053	4045	498	4045
10140	17992	18638	2709	2439	4052	4047	498	4047
10141	17992	18639	2707	2439	4030	4048	498	4048
10141	17993	18640	2708	2440	4028	4044	498	4044
10140	17992	18639	2709	2440	4039	4040	499	4040
10139	17992	18639	2710	2441	4038	4040	499	4040
10141	17993	18640	2708	2440	4028	4039	499	4039
10142	17993	18639	2707	2438	4042	4036	499	4036
10140	17992	18639	2709	2440	4039	4038	499	4038
10140	17992	18639	2709	2440	4039	4038	499	4038
10140	17992	18639	2709	2440	4039	4038	499	4038
10142	17993	18638	2707	2437	4054	4039	499	4039
10139	17992	18638	2710	2440	4050	4042	499	4042
10140	17992	18639	2709	2440	4039	4044	498	4044
10141	17992	18639	2707	2439	4030	4043	498	4043
10140	17991	18638	2708	2439	4041	4040	499	4040
10141	17992	18638	2707	2438	4042	4040	498	4040
10142	17993	18639	2707	2438	4042	4041	498	4041
10144	17994	18639	2705	2436	4044	4041	498	4041
10144	17995	18639	2706	2436	4055	4042	498	4042
10145	17995	18640	2705	2436	4044	4045	498	4045
10143	17995	18640	2707	2438	4042	4045	498	4045
10143	17994	18639	2706	2437	4043	4044	498	4044
10143	17995	18641	2707	2439	4030	4044	498	4044
10143	17995	18641	2707	2439	4030	4040	498	4040
10144	17995	18640	2706	2437	4043	4038	498	4038
10142	17994	18640	2708	2439	4041	4039	499	4039
10142	17994	18641	2708	2440	4028	4039	499	4039
10142	17995	18641	2709	2440	4039	4037	499	4037
10142	17994	18640	2708	2439	4041	4037	499	4037
10141	17993	18639	2708	2439	4041	4038	499	4038
10142	17994	18641	2708	2440	4028	4039	499	4039
10142	17994	18640	2708	2439	4041	4036	499	4036
10141	17993	18639	2708	2439	4041	4037	499	4037
10142	17993	18639	2707	2438	4042	4038	499	4038
10141	17993	18639	2708	2439	4041	4039	499	4039
10142	17994	18640	2708	2439	4041	4040	499	4040
10143	17996	18640	2708	2438	4053	4040	499	4040
10142	17994	18640	2708	2439	4041	4043	498	4043
10143	17991	18638	2703	2436	4022	4043	497	4043
10135	17976	18630	2700	2437	3977	4038	497	4038
10138	17959	18614	2678	2418	3966	4022	496	4022
10142	17944	18603	2658	2402	3941	4008	494	4008
10147	17932	18591	2639	2385	3939	3992	492	3992
10141	17905	18566	2620	2366	3962	3978	491	3978
10139	17887	18550	2605	2352	3967	3974	489	3974
10141	17872	18536	2587	2336	3964	3973	486	3973
10142	17855	18521	2569	2320	3961	3970	483	3970
10141	17840	18507	2555	2307	3966	3968	481	3968
10139	17826	18494	2544	2296	3979	3968	479	3968
10140	17815	18485	2532	2286	3969	3970	477	3970
10139	17801	18472	2519	2274	3972	3970	474	3970
10141	17789	18459	2504	2259	3991	3971	472	3971
10140	17777	18448	2494	2249	4004	3976	470	3976
10141	17765	18437	2480	2237	3996	3983	467	3983
10141	17753	18426	2468	2226	3998	3986	464	3986
10141	17740	18414	2455	2214	4002	3989	462	3989
10141	17731	18405	2446	2205	4014	3992	460	3992
10140	17726	18400	2443	2201	4031	3998	459	3998
10140	17723	18396	2440	2197	4049	4006	457	4006
10140	17718	18392	2435	2193	4042	4017	456	4017
10139	17714	18389	2432	2191	4033	4023	455	4023
10141	17711	18385	2426	2185	4041	4025	453	4025
10140	17707	18382	2424	2183	4043	4029	453	4029
10140	17703	18379	2420	2180	4035	4033	451	4033
10140	17699	18375	2416	2176	4041	4033	451	4033
10140	17696	18371	2413	2172	4058	4035	450	4035
10141	17692	18367	2407	2167	4053	4041	448	4041
10142	17689	18365	2403	2164	4045	4044	448	4044
10141	17685	18361	2400	2161	4049	4044	447	4044
10141	17681	18358	2396	2158	4040	4046	446	4046
10142	17678	18354	2392	2153	4060	4044	446	4044
10141	17673	18351	2388	2151	4038	4048	445	4048
10141	17670	18349	2385	2149	4028	4046	444	4046
10143	17668	18347	2380	2145	4021	4041	444	4041
10142	17662	18341	2376	2140	4040	4036	444	4036
10143	17661	18341	2373	2139	4017	4037	443	4037
10142	17656	18336	2370	2135	4035	4032	443	4032
10142	17652	18331	2366	2130	4054	4033	442	4033
10142	17648	18328	2362	2127	4046	4038	441	4038
10141	17644	18324	2359	2124	4050	4040	441	4040
10141	17639	18320	2354	2120	4043	4043	439	4043
10141	17635	18316	2350	2116	4048	4043	439	4043
10141	17631	18313	2346	2113	4040	4044	438	4044
10141	17628	18310	2343	2110	4044	4043	438	4043
10143	17626	18307	2338	2105	4051	4043	437	4043
10142	17621	18303	2335	2102	4056	4045	436	4045
10140	17616	18298	2333	2099	4073	4048	436	4048
10140	17612	18296	2329	2097	4050	4054	434	4054
10140	17608	18292	2325	2093	4055	4053	434	4053
10140	17605	18290	2322	2091	4045	4054	433	4054
10141	17601	18286	2316	2086	4040	4051	432	4051
10139	17597	18283	2315	2085	4041	4049	432	4049
10139	17591	18278	2309	2080	4035	4047	432	4047
10141	17589	18275	2304	2075	4042	4044	431	4044
10141	17585	18271	2300	2071	4048	4043	431	4043
10140	17580	18267	2297	2068	4053	4044	430	4044
10141	17578	18264	2293	2064	4058	4047	429	4047
10142	17575	18262	2289	2061	4050	4049	428	4049
10141	17571	18258	2286	2058	4054	4050	428	4050
10140	17566	18254	2283	2055	4058	4051	427	4051
10141	17563	18252	2278	2052	4036	4052	426	4052
10143	17561	18249	2273	2047	4044	4048	426	4048
10139	17553	18243	2271	2045	4047	4047	425	4047
10141	17552	18241	2267	2041	4052	4047	425	4047
10143	17550	18240	2262	2038	4030	4049	424	4049
10140	17543	18233	2260	2034	4063	4044	424	4044
10140	17540	18232	2257	2033	4038	4049	423	4049
10139	17535	18227	2253	2029	4043	4046	422	4046
10142	17533	18225	2247	2024	4038	4045	422	4045
10140	17527	18218	2244	2019	4071	4043	421	4043
10141	17524	18216	2239	2016	4049	4050	420	4050
10141	17521	18214	2236	2014	4039	4050	419	4050
10143	17518	18209	2230	2007	4063	4047	419	4047
10141	17512	18204	2227	2004	4067	4051	418	4051
10140	17509	18204	2226	2005	4039	4055	417	4055
10141	17506	18200	2221	2000	4046	4051	417	4051
10142	17501	18196	2215	1995	4040	4050	416	4050
10140	17496	18192	2213	1993	4043	4048	416	4048
10140	17492	18188	2209	1989	4049	4046	415	4046
10140	17489	18185	2206	1986	4054	4047	415	4047
10141	17486	18183	2201	1983	4031	4049	414	4049
10140	17480	18177	2197	1978	4052	4044	413	4044
10140	17477	18174	2194	1975	4057	4046	413	4046
10143	17477	18174	2189	1972	4034	4049	412	4049
10143	17472	18169	2184	1967	4041	4045	411	4045
10141	17466	18164	2181	1964	4046	4044	411	4044
10137	17460	18162	2181	1967	4000	4045	411	4045
10148	17471	18168	2176	1961	4023	4034	411	4034
10143	17460	18162	2172	1960	3983	4031	411	4031
10142	17454	18154	2168	1953	4035	4019	411	4019
10144	17452	18152	2163	1949	4027	4023	410	4023
10144	17448	18149	2159	1946	4018	4024	409	4024
10144	17445	18145	2156	1942	4038	4022	409	4022
10142	17439	18141	2153	1940	4027	4026	408	4026
10144	17438	18141	2149	1938	4002	4027	407	4027
10145	17435	18137	2145	1933	4024	4020	407	4020
10145	17430	18132	2140	1928	4032	4021	406	4021
10143	17425	18126	2137	1924	4052	4024	405	4024
10144	17421	18123	2132	1920	4044	4031	404	4031
10144	17419	18121	2130	1918	4047	4034	403	4034
10147	17416	18119	2123	1913	4027	4038	402	4038
10145	17411	18114	2121	1910	4045	4035	402	4035
10143	17406	18109	2118	1907	4050	4037	401	4037
10144	17404	18108	2115	1905	4039	4041	400	4041
10145	17401	18105	2111	1901	4045	4040	400	4040
10145	17397	18101	2107	1897	4052	4041	399	4041
10143	17392	18097	2104	1895	4041	4044	398	4044
10143	17388	18094	2100	1892	4031	4043	397	4043
10144	17386	18092	2097	1889	4036	4040	397	4040
10144	17382	18088	2093	1885	4042	4039	397	4039
10142	17378	18085	2092	1884	4044	4040	396	4040
10145	17376	18084	2086	1880	4021	4041	395	4041
10144	17371	18079	2082	1876	4028	4036	395	4036
10144	17368	18075	2079	1872	4048	4034	395	4034
10144	17364	18072	2075	1869	4039	4038	394	4038
10143	17361	18069	2073	1867	4042	4038	393	4038
10143	17357	18065	2069	1863	4048	4039	393	4039
10142	17352	18061	2066	1860	4053	4041	392	4041
10143	17351	18061	2063	1859	4026	4044	391	4044
10144	17348	18057	2059	1854	4048	4040	391	4040
10140	17341	18051	2058	1852	4066	4042	391	4042
10140	17338	18049	2055	1850	4055	4048	390	4048
10145	17338	18047	2048	1843	4066	4049	388	4049
10141	17332	18042	2047	1842	4067	4054	388	4054
10142	17330	18042	2044	1841	4040	4057	387	4057
10144	17328	18038	2039	1835	4064	4053	386	4053
10143	17324	18035	2036	1833	4053	4055	386	4055
10143	17321	18033	2033	1831	4041	4055	385	4055
10143	17318	18031	2030	1829	4030	4051	385	4051
10143	17315	18027	2027	1825	4051	4046	385	4046
10145	17313	18026	2023	1822	4041	4047	384	4047
10143	17309	18024	2021	1822	4012	4046	384	4046
10147	17310	18026	2017	1820	3985	4037	384	4037
10145	17304	18020	2014	1816	4007	4024	385	4024
10140	17298	18014	2015	1815	4038	4020	385	4020
10143	17297	18014	2009	1812	3998	4025	384	4025
10144	17295	18011	2006	1808	4020	4018	384	4018
10142	17291	18006	2005	1805	4054	4018	384	4018
10143	17289	18004	2001	1802	4044	4027	382	4027
10144	17287	18003	1998	1800	4033	4032	381	4032
10144	17284	18001	1995	1798	4021	4032	381	4032
10143	17280	17998	1992	1796	4009	4029	381	4029
10145	17279	17997	1989	1793	4014	4024	381	4024
10143	17275	17993	1987	1791	4018	4022	380	4022
10143	17273	17991	1985	1789	4021	4021	380	4021
10142	17268	17988	1982	1787	4009	4021	380	4021
10142	17266	17986	1980	1785	4012	4018	380	4018
10144	17265	17985	1976	1782	4002	4016	379	4016
10144	17262	17983	1973	1780	3990	4013	379	4013
10144	17261	17982	1972	1779	3992	4007	379	4007
10143	17258	17978	1970	1776	4012	4003	379	4003
10141	17253	17974	1968	1774	4015	4005	379	4005
10142	17252	17971	1966	1770	4052	4008	378	4008
10143	17250	17968	1962	1766	4059	4019	377	4019
10142	17245	17966	1959	1765	4030	4029	375	4029
10144	17244	17963	1955	1760	4054	4029	375	4029
10141	17239	17960	1954	1760	4039	4035	374	4035
10142	17236	17960	1950	1759	3995	4036	373	4036
10142	17233	17958	1947	1757	3983	4026	373	4026
10143	17231	17958	1943	1756	3938	4015	374	4015
10143	17229	17958	1941	1756	3908	3996	375	3996
10145	17228	17958	1938	1754	3896	3974	376	3974
10144	17225	17954	1936	1751	3916	3955	377	3955
10144	17223	17950	1934	1747	3953	3945	378	3945
10144	17221	17945	1932	1742	4008	3947	377	3947
10144	17218	17941	1929	1738	4030	3962	376	3962
10143	17215	17939	1927	1737	4016	3979	374	3979
10143	17212	17935	1924	1733	4038	3988	373	3988
10143	17208	17933	1920	1731	4011	4001	371	4001
10142	17203	17929	1917	1728	4016	4003	370	4003
10144	17202	17928	1913	1725	4005	4007	369	4007
10144	17198	17924	1909	1721	4012	4006	369	4006
10143	17195	17921	1907	1719	4016	4008	368	4008
10144	17192	17918	1903	1715	4023	4010	367	4010
10144	17190	17915	1901	1712	4043	4013	367	4013
10145	17188	17914	1898	1710	4031	4020	366	4020
10144	17184	17909	1895	1706	4054	4023	365	4023
10144	17181	17906	1892	1703	4059	4031	364	4031
10144	17178	17902	1889	1699	4082	4038	363	4038
10145	17174	17899	1884	1695	4073	4049	361	4049
10144	17170	17895	1881	1692	4079	4055	360	4055
10144	17167	17894	1878	1691	4048	4061	359	4061
10146	17164	17891	1872	1686	4041	4058	359	4058
10143	17157	17887	1869	1685	4011	4053	358	4053
10145	17156	17885	1866	1681	4034	4043	359	4043
10147	17156	17886	1863	1680	4004	4041	358	4041
10144	17149	17879	1860	1676	4027	4031	359	4031
10143	17145	17875	1857	1673	4032	4030	358	4030
10142	17140	17870	1854	1669	4055	4031	358	4031
10143	17139	17868	1851	1666	4061	4037	357	4037
10143	17135	17865	1847	1663	4050	4043	356	4043
10142	17132	17862	1846	1661	4070	4045	355	4045
10143	17130	17862	1842	1660	4023	4051	354	4051
10143	17127	17859	1839	1657	4028	4044	354	4044
10143	17123	17854	1835	1652	4054	4040	354	4040
10143	17121	17852	1833	1650	4057	4043	353	4043
10142	17117	17848	1831	1647	4079	4047	353	4047
10143	17113	17845	1825	1643	4054	4055	351	4055
10143	17114	17849	1826	1647	3997	4055	351	4055
10144	17117	17844	1828	1641	4139	4040	353	4040
10136	17095	17827	1817	1633	4105	4065	349	4065
10132	17089	17823	1817	1633	4105	4075	348	4075
10132	17086	17820	1814	1630	4110	4082	347	4082
10131	17082	17816	1811	1627	4116	4089	346	4089
10131	17079	17814	1808	1625	4103	4096	345	4096
10131	17076	17811	1805	1622	4109	4098	345	4098
10132	17073	17809	1801	1619	4098	4101	344	4101
10132	17070	17806	1798	1616	4103	4100	343	4100
10132	17067	17803	1795	1613	4109	4101	343	4101
10131	17064	17800	1793	1611	4113	4103	342	4103
10132	17061	17797	1789	1607	4120	4105	341	4105
10131	17057	17794	1786	1605	4107	4109	341	4109
10131	17054	17791	1783	1602	4113	4108	340	4108
10131	17051	17788	1780	1599	4119	4110	340	4110
10132	17048	17786	1776	1596	4108	4112	339	4112
10131	17045	17782	1774	1593	4130	4111	339	4111
10131	17042	17781	1771	1592	4098	4116	338	4116
10131	17039	17778	1768	1589	4104	4111	338	4111
10131	17036	17775	1765	1586	4110	4109	337	4109
10132	17033	17772	1761	1582	4117	4110	337	4110
10131	17030	17769	1759	1580	4121	4111	336	4111
10131	17026	17766	1755	1577	4110	4114	335	4114
10131	17023	17763	1752	1574	4116	4113	335	4113
10131	17020	17761	1749	1572	4103	4114	334	4114
10132	17018	17758	1746	1568	4127	4111	334	4111
10132	17015	17755	1743	1565	4133	4115	333	4115
10132	17012	17753	1740	1563	4120	4119	333	4119
10132	17008	17750	1736	1560	4109	4120	332	4120
10132	17005	17747	1733	1557	4114	4117	332	4117
10132	17002	17744	1730	1554	4120	4116	331	4116
10133	17000	17741	1726	1550	4128	4117	330	4117
10131	16996	17738	1725	1549	4130	4120	330	4120
10132	16992	17735	1720	1545	4121	4122	329	4122
10132	16990	17732	1718	1542	4144	4122	329	4122
10133	16988	17730	1714	1539	4132	4128	328	4128
10133	16984	17727	1710	1536	4121	4129	327	4129
10133	16981	17724	1707	1533	4127	4127	327	4127
10132	16977	17720	1705	1530	4150	4127	326	4127
10132	16973	17717	1701	1527	4139	4132	325	4132
10131	16969	17714	1698	1525	4125	4134	325	4134
10131	16967	17712	1696	1523	4129	4132	324	4132
10130	16964	17709	1695	1521	4151	4131	324	4131
10131	16960	17707	1689	1518	4104	4136	323	4136
10131	16959	17705	1688	1516	4126	4128	323	4128
10132	16955	17702	1683	1512	4116	4128	323	4128
10133	16954	17699	1680	1508	4142	4125	322	4125
10132	16950	17696	1678	1506	4146	4129	322	4129
10132	16946	17692	1674	1502	4154	4133	321	4133
10132	16944	17691	1672	1501	4138	4138	320	4138
10132	16940	17687	1668	1497	4146	4138	320	4138
10131	16937	17685	1666	1496	4131	4140	319	4140
10132	16933	17681	1661	1491	4141	4138	318	4138
10132	16931	17679	1659	1489	4145	4139	318	4139
10131	16927	17676	1656	1487	4131	4140	317	4140
10132	16924	17673	1652	1483	4139	4138	317	4138
10131	16921	17670	1650	1481	4143	4138	317	4138
10131	16918	17667	1647	1478	4150	4140	316	4140
10131	16915	17665	1644	1476	4135	4142	315	4142
10131	16912	17662	1641	1473	4142	4140	315	4140
10131	16909	17659	1638	1470	4148	4141	315	4141
10131	16906	17656	1635	1467	4154	4143	314	4143
10132	16903	17654	1631	1464	4142	4145	313	4145
10132	16900	17650	1628	1460	4169	4145	313	4145
10132	16897	17648	1625	1458	4155	4151	312	4151
10131	16893	17644	1622	1455	4161	4152	311	4152
10131	16891	17642	1620	1453	4165	4154	311	4154
10131	16888	17639	1617	1450	4172	4157	310	4157
10132	16885	17637	1613	1447	4160	4160	309	4160
10132	16882	17634	1610	1444	4166	4160	309	4160
10131	16879	17631	1608	1442	4170	4162	308	4162
10131	16876	17630	1605	1441	4135	4164	308	4164
10132	16874	17627	1602	1437	4162	4157	308	4157
10132	16872	17625	1600	1435	4167	4158	307	4158
10132	16868	17622	1596	1432	4154	4160	306	4160
10132	16865	17619	1593	1429	4161	4159	306	4159
10133	16862	17616	1588	1425	4151	4159	305	4159
10132	16859	17613	1587	1423	4174	4157	305	4157
10131	16855	17609	1584	1420	4180	4161	305	4161
10130	16852	17607	1583	1419	4183	4166	304	4166
10132	16850	17606	1578	1416	4151	4170	303	4170
10132	16846	17603	1574	1413	4139	4166	303	4166
10132	16845	17601	1573	1411	4162	4159	303	4159
10132	16843	17600	1571	1410	4145	4160	302	4160
10133	16840	17597	1566	1406	4135	4156	302	4156
10134	16837	17595	1562	1403	4122	4151	302	4151
10133	16834	17591	1560	1400	4148	4143	302	4143
10134	16831	17588	1556	1396	4157	4145	301	4145
10133	16828	17585	1554	1394	4161	4148	300	4148
10133	16824	17582	1550	1391	4149	4151	300	4151
10133	16822	17579	1548	1388	4175	4150	299	4150
10133	16818	17577	1544	1386	4140	4157	298	4157
10132	16815	17575	1543	1385	4142	4152	298	4152
10132	16812	17572	1540	1382	4149	4150	298	4150
10133	16811	17570	1537	1379	4156	4150	298	4150
10133	16808	17568	1534	1377	4141	4151	297	4151
10133	16805	17565	1531	1374	4147	4149	297	4149
10133	16802	17561	1528	1370	4176	4148	296	4148
10133	16799	17559	1525	1368	4161	4155	295	4155
10133	16796	17556	1522	1365	4168	4157	295	4157
10133	16792	17554	1518	1363	4133	4159	294	4159
10133	16789	17550	1515	1359	4162	4153	294	4153
10133	16786	17548	1512	1357	4146	4155	293	4155
10133	16784	17546	1510	1355	4151	4153	293	4153
10132	16780	17543	1508	1353	4155	4152	293	4152
10133	16777	17540	1503	1349	4145	4153	292	4153
10132	16774	17537	1502	1347	4169	4151	292	4151
10133	16771	17534	1497	1343	4158	4156	291	4156
10134	16769	17531	1494	1339	4188	4156	290	4156
10133	16766	17528	1492	1337	4192	4164	289	4164
10134	16763	17527	1488	1335	4157	4171	288	4171
10134	16760	17524	1485	1332	4164	4168	288	4168
10133	16757	17522	1483	1331	4146	4167	288	4167
10132	16754	17518	1482	1328	4193	4161	288	4161
10133	16750	17516	1476	1325	4139	4169	287	4169
10133	16748	17513	1474	1322	4167	4162	287	4162
10134	16746	17511	1471	1319	4174	4163	286	4163
10134	16742	17508	1467	1316	4160	4166	285	4166
10133	16739	17505	1465	1314	4165	4164	285	4164
10133	16736	17502	1462	1311	4172	4165	285	4165
10133	16732	17499	1458	1308	4159	4166	284	4166
10133	16730	17496	1456	1305	4186	4165	284	4165
10133	16727	17494	1453	1303	4170	4170	283	4170
10133	16724	17491	1450	1300	4178	4170	282	4170
10133	16721	17489	1447	1298	4162	4172	282	4172
10133	16718	17486	1444	1295	4169	4169	281	4169
10134	16715	17483	1440	1291	4178	4169	281	4169
10133	16712	17480	1438	1289	4183	4172	280	4172
10133	16709	17477	1435	1286	4190	4174	280	4174
10133	16705	17474	1431	1283	4177	4178	279	4178
10133	16703	17472	1429	1281	4182	4178	279	4178
10133	16700	17469	1426	1278	4189	4179	278	4179
10133	16697	17467	1423	1276	4173	4182	277	4182
10132	16694	17464	1422	1274	4199	4179	277	4179
10133	16691	17462	1417	1271	4164	4184	276	4184
10133	16689	17460	1415	1269	4169	4179	276	4179
10133	16685	17456	1411	1265	4178	4177	276	4177
10133	16682	17453	1408	1262	4186	4177	275	4177
10133	16679	17451	1405	1260	4169	4179	275	4179
10134	16677	17449	1402	1257	4177	4177	274	4177
10133	16674	17445	1400	1254	4206	4177	274	4177
10133	16670	17442	1396	1251	4192	4184	273	4184
10134	16669	17441	1394	1249	4197	4186	273	4186
10135	16667	17439	1391	1246	4204	4189	272	4189
10138	16667	17441	1386	1245	4120	4193	271	4193
10135	16660	17433	1384	1240	4198	4174	272	4174
10135	16657	17430	1381	1237	4205	4180	271	4180
10133	16654	17428	1380	1237	4183	4187	270	4187
10135	16651	17425	1375	1232	4196	4186	270	4186
10136	16649	17422	1371	1228	4206	4188	269	4188
10136	16646	17419	1368	1225	4214	4193	268	4193
10135	16643	17417	1367	1224	4216	4198	268	4198
10135	16640	17415	1364	1222	4200	4202	267	4202
10135	16638	17412	1362	1219	4229	4202	267	4202
10134	16634	17410	1359	1218	4188	4209	266	4209
10134	16631	17407	1356	1215	4195	4203	266	4203
10134	16627	17403	1352	1211	4206	4201	265	4201
10134	16625	17401	1350	1209	4211	4203	265	4203
10134	16622	17399	1347	1207	4194	4205	264	4205
10134	16615	17394	1340	1202	4162	4202	263	4202
10134	16603	17383	1328	1191	4168	4192	262	4192
10134	16588	17369	1313	1177	4182	4186	260	4186
10133	16572	17354	1298	1163	4196	4185	257	4185
10133	16558	17342	1284	1151	4182	4188	255	4188
10134	16549	17333	1274	1141	4209	4186	253	4186
10134	16549	17332	1274	1140	4236	4192	253	4192
10134	16548	17332	1273	1140	4212	4203	252	4203
10134	16549	17332	1274	1140	4236	4205	252	4205
10134	16548	17332	1273	1140	4212	4213	252	4213
10135	16549	17