10150	16675	17446	1378	1237	4140	4121	273	4121
10151	16676	17449	1377	1239	4070	4116	274	4116
10152	16676	17446	1376	1235	4145	4104	274	4104
10150	16676	17448	1379	1239	4113	4115	274	4115
10151	16675	17446	1376	1236	4121	4115	273	4115
10151	16677	17448	1378	1238	4116	4117	274	4117
18:19:58 - Sep 05, 2023
Raw P0	raw P1	raw P2	calc P1	calc P2	Curr.Div.	Av.Div.	PWM	Used Div.
 
10100	16624	17396	1397	1239	4504	4514	257	4514
10102	16625	17396	1395	1237	4509	4511	257	4511
10101	16624	17395	1395	1237	4509	4511	257	4511
10100	16624	17394	1397	1237	4553	4510	257	4510
10100	16624	17395	1397	1238	4528	4521	256	4521
10102	16625	17396	1395	1237	4509	4523	256	4523
10099	16623	17395	1397	1240	4479	4519	257	4519
10101	16624	17395	1395	1237	4509	4509	257	4509
10102	16625	17395	1395	1236	4534	4509	257	4509
10102	16625	17395	1395	1236	4534	4515	256	4515
10100	16624	17394	1397	1237	4553	4520	256	4520
10101	16626	17397	1397	1239	4504	4528	256	4528
10101	16624	17395	1395	1237	4509	4522	256	4522
10100	16624	17395	1397	1238	4528	4519	257	4519
10101	16625	17396	1396	1238	4507	4521	256	4521
10102	16626	17396	1396	1237	4531	4518	256	4518
10100	16624	17395	1397	1238	4528	4521	256	4521
10101	16625	17396	1396	1238	4507	4523	256	4523
10103	16626	17396	1394	1236	4512	4519	256	4519
10101	16625	17395	1396	1237	4531	4517	256	4517
10100	16625	17396	1398	1239	4526	4521	257	4521
10103	16627	17399	1395	1239	4460	4522	256	4522
10101	16624	17395	1395	1237	4509	4506	257	4506
10099	16624	17395	1398	1240	4501	4507	257	4507
10104	16628	17399	1395	1238	4485	4506	257	4506
10103	16627	17398	1395	1238	4485	4500	257	4500
10100	16624	17395	1397	1238	4528	4497	258	4497
10102	16627	17399	1397	1240	4479	4504	257	4504
10105	16628	17399	1394	1237	4488	4498	257	4498
10100	16624	17395	1397	1238	4528	4496	258	4496
10101	16626	17397	1397	1239	4504	4504	257	4504
10103	16627	17397	1395	1237	4509	4504	257	4504
10101	16625	17396	1396	1238	4507	4505	257	4505
10101	16626	17397	1397	1239	4504	4505	257	4505
10103	16626	17397	1394	1237	4488	4505	257	4505
10101	16626	17396	1397	1238	4528	4501	257	4501
10102	16626	17397	1396	1238	4507	4508	257	4508
10103	16628	17399	1396	1239	4482	4507	257	4507
10102	16627	17398	1397	1239	4504	4501	257	4501
10101	16626	17397	1397	1239	4504	4502	257	4502
10101	16626	17397	1397	1239	4504	4502	257	4502
10102	16626	17397	1396	1238	4507	4503	257	4503
10102	16627	17398	1397	1239	4504	4504	257	4504
10103	16628	17400	1396	1240	4458	4504	257	4504
10102	16626	17397	1396	1238	4507	4492	258	4492
10102	16627	17397	1397	1238	4528	4496	258	4496
10103	16627	17399	1395	1239	4460	4504	257	4504
10103	16627	17397	1395	1237	4509	4493	257	4493
10101	16625	17396	1396	1238	4507	4497	257	4497
10104	16628	17398	1395	1237	4509	4500	257	4500
10102	16626	17397	1396	1238	4507	4502	257	4502
10101	16626	17397	1397	1239	4504	4503	257	4503
10102	16627	17399	1397	1240	4479	4503	257	4503
10105	16628	17398	1394	1236	4512	4497	257	4497
10103	16627	17398	1395	1238	4485	4501	257	4501
10102	16627	17397	1397	1238	4528	4497	258	4497
10104	16628	17398	1395	1237	4509	4505	257	4505
10102	16626	17398	1396	1239	4482	4506	257	4506
10102	16626	17397	1396	1238	4507	4500	257	4500
10103	16627	17397	1395	1237	4509	4502	257	4502
10102	16626	17397	1396	1238	4507	4503	257	4503
10103	16628	17399	1396	1239	4482	4504	257	4504
10105	16630	17400	1396	1238	4507	4499	257	4499
10101	16626	17398	1397	1240	4479	4501	257	4501
10103	16627	17398	1395	1238	4485	4495	257	4495
10103	16628	17400	1396	1240	4458	4493	258	4493
10102	16626	17398	1396	1239	4482	4484	258	4484
10102	16626	17397	1396	1238	4507	4484	258	4484
10103	16628	17398	1396	1238	4507	4489	258	4489
10103	16627	17399	1395	1239	4460	4494	257	4494
10102	16626	17397	1396	1238	4507	4485	258	4485
10102	16628	17399	1398	1240	4501	4491	258	4491
10103	16627	17398	1395	1238	4485	4493	257	4493
10103	16627	17398	1395	1238	4485	4491	258	4491
10104	16627	17398	1394	1237	4488	4490	257	4490
10103	16628	17398	1396	1238	4507	4489	258	4489
10103	16627	17400	1395	1240	4436	4494	257	4494
10107	16630	17400	1393	1236	4490	4479	258	4479
10102	16626	17397	1396	1238	4507	4482	258	4482
10101	16625	17397	1396	1239	4482	4488	258	4488
10105	16629	17399	1395	1237	4509	4487	258	4487
10103	16627	17398	1395	1238	4485	4492	258	4492
10102	16627	17398	1397	1239	4504	4491	258	4491
10104	16628	17399	1395	1238	4485	4494	257	4494
10104	16628	17398	1395	1237	4509	4492	258	4492
10103	16627	17398	1395	1238	4485	4496	257	4496
10102	16626	17398	1396	1239	4482	4493	258	4493
10103	16627	17398	1395	1238	4485	4490	258	4490
10104	16628	17399	1395	1238	4485	4489	258	4489
10102	16626	17397	1396	1238	4507	4488	258	4488
10102	16627	17399	1397	1240	4479	4493	258	4493
10104	16628	17398	1395	1237	4509	4489	258	4489
10103	16627	17398	1395	1238	4485	4494	257	4494
10104	16628	17399	1395	1238	4485	4492	258	4492
10103	16628	17399	1396	1239	4482	4490	258	4490
10104	16628	17398	1395	1237	4509	4488	258	4488
10103	16628	17399	1396	1239	4482	4494	258	4494
10103	16628	17398	1396	1238	4507	4491	258	4491
10103	16627	17399	1395	1239	4460	4495	257	4495
10103	16627	17397	1395	1237	4509	4486	258	4486
10103	16628	17399	1396	1239	4482	4492	258	4492
10104	16628	17398	1395	1237	4509	4489	258	4489
10102	16627	17398	1397	1239	4504	4494	258	4494
10104	16629	17401	1396	1240	4458	4497	257	4497
10105	16629	17400	1395	1238	4485	4487	258	4487
10104	16629	17399	1396	1238	4507	4486	258	4486
10103	16628	17400	1396	1240	4458	4492	258	4492
10104	16629	17399	1396	1238	4507	4483	258	4483
10104	16627	17398	1394	1237	4488	4489	257	4489
10104	16628	17399	1395	1238	4485	4489	258	4489
10105	16630	17400	1396	1238	4507	4488	258	4488
10104	16628	17398	1395	1237	4509	4493	257	4493
10103	16626	17397	1394	1237	4488	4497	257	4497
10103	16628	17399	1396	1239	4482	4494	258	4494
10104	16628	17400	1395	1239	4460	4491	258	4491
10103	16628	17399	1396	1239	4482	4484	258	4484
10103	16628	17399	1396	1239	4482	4483	258	4483
10106	16630	17400	1394	1237	4488	4483	258	4483
10104	16627	17398	1394	1237	4488	4484	258	4484
10102	16626	17396	1396	1237	4531	4485	258	4485
10104	16629	17400	1396	1239	4482	4497	257	4497
10104	16628	17400	1395	1239	4460	4493	257	4493
10103	16627	17398	1395	1238	4485	4485	258	4485
10102	16627	17398	1397	1239	4504	4485	258	4485
10105	16630	17401	1396	1239	4482	4489	258	4489
10104	16628	17398	1395	1237	4509	4488	258	4488
10103	16628	17399	1396	1239	4482	4493	258	4493
10104	16629	17400	1396	1239	4482	4490	258	4490
10104	16628	17399	1395	1238	4485	4488	258	4488
10101	16626	17397	1397	1239	4504	4487	258	4487
10104	16629	17400	1396	1239	4482	4492	258	4492
10104	16629	17400	1396	1239	4482	4489	258	4489
10102	16626	17397	1396	1238	4507	4487	258	4487
10103	16628	17400	1396	1240	4458	4492	258	4492
10105	16629	17400	1395	1238	4485	4484	258	4484
10104	16628	17399	1395	1238	4485	4484	258	4484
10103	16627	17398	1395	1238	4485	4484	258	4484
10105	16629	17400	1395	1238	4485	4485	258	4485
10104	16628	17399	1395	1238	4485	4485	258	4485
10104	16628	17398	1395	1237	4509	4485	258	4485
10102	16627	17398	1397	1239	4504	4491	258	4491
10104	16628	17399	1395	1238	4485	4494	257	4494
10105	16629	17399	1395	1237	4509	4492	258	4492
10104	16628	17398	1395	1237	4509	4496	257	4496
10104	16629	17400	1396	1239	4482	4499	257	4499
10106	16630	17400	1394	1237	4488	4495	257	4495
10103	16628	17399	1396	1239	4482	4493	258	4493
10102	16627	17398	1397	1239	4504	4490	258	4490
10104	16628	17399	1395	1238	4485	4494	257	4494
10104	16628	17400	1395	1239	4460	4492	258	4492
10103	16627	17398	1395	1238	4485	4484	258	4484
10103	16627	17398	1395	1238	4485	4484	258	4484
10105	16629	17401	1395	1239	4460	4484	258	4484
10103	16628	17399	1396	1239	4482	4478	258	4478
10103	16628	17399	1396	1239	4482	4479	258	4479
10105	16629	17400	1395	1238	4485	4480	258	4480
10104	16629	17400	1396	1239	4482	4481	258	4481
10103	16627	17397	1395	1237	4509	4481	258	4481
10104	16628	17398	1395	1237	4509	4488	258	4488
10103	16628	17400	1396	1240	4458	4494	258	4494
10104	16628	17399	1395	1238	4485	4485	258	4485
10104	16628	17399	1395	1238	4485	4485	258	4485
10104	16629	17399	1396	1238	4507	4485	258	4485
10104	16629	17399	1396	1238	4507	4490	258	4490
10104	16628	17399	1395	1238	4485	4494	257	4494
10105	16629	17399	1395	1237	4509	4492	258	4492
10106	16630	17400	1394	1237	4488	4496	257	4496
10103	16628	17400	1396	1240	4458	4494	258	4494
10103	16628	17400	1396	1240	4458	4485	258	4485
10106	16630	17401	1394	1238	4463	4479	258	4479
10104	16629	17400	1396	1239	4482	4475	258	4475
10103	16627	17399	1395	1239	4460	4476	258	4476
10103	16629	17401	1397	1241	4455	4472	259	4472
10105	16629	17400	1395	1238	4485	4468	259	4468
10102	16627	17398	1397	1239	4504	4472	259	4472
10104	16628	17400	1395	1239	4460	4480	258	4480
10106	16630	17401	1394	1238	4463	4475	258	4475
10103	16627	17398	1395	1238	4485	4472	258	4472
10103	16628	17399	1396	1239	4482	4476	258	4476
10105	16629	17400	1395	1238	4485	4477	258	4477
10104	16628	17399	1395	1238	4485	4479	258	4479
10104	16628	17398	1395	1237	4509	4481	258	4481
10104	16628	17399	1395	1238	4485	4488	258	4488
10104	16629	17400	1396	1239	4482	4487	258	4487
10104	16628	17399	1395	1238	4485	4486	258	4486
10104	16629	17400	1396	1239	4482	4485	258	4485
10104	16629	17400	1396	1239	4482	4485	258	4485
10104	16629	17400	1396	1239	4482	4484	258	4484
10103	16628	17399	1396	1239	4482	4483	258	4483
10106	16629	17399	1393	1236	4490	4483	258	4483
10106	16632	17403	1396	1240	4458	4485	258	4485
10105	16629	17399	1395	1237	4509	4478	258	4478
10103	16628	17399	1396	1239	4482	4486	258	4486
10106	16632	17404	1396	1241	4433	4485	258	4485
10108	16632	17402	1393	1237	4466	4472	258	4472
10101	16625	17396	1396	1238	4507	4470	259	4470
10103	16627	17399	1395	1239	4460	4480	258	4480
10107	16631	17402	1394	1238	4463	4475	258	4475
10107	16631	17400	1394	1236	4512	4472	258	4472
10102	16626	17398	1396	1239	4482	4482	258	4482
10105	16630	17400	1396	1238	4507	4482	258	4482
10104	16628	17400	1395	1239	4460	4488	258	4488
10101	16626	17397	1397	1239	4504	4481	258	4481
10104	16629	17400	1396	1239	4482	4487	258	4487
10107	16630	17400	1393	1236	4490	4485	258	4485
10102	16626	17397	1396	1238	4507	4487	258	4487
10101	16626	17398	1397	1240	4479	4492	258	4492
10105	16629	17400	1395	1238	4485	4488	258	4488
10104	16628	17399	1395	1238	4485	4488	258	4488
10102	16627	17398	1397	1239	4504	4487	258	4487
10104	16629	17400	1396	1239	4482	4491	258	4491
10105	16629	17399	1395	1237	4509	4483	258	4483
10105	16629	17399	1395	1237	4509	4490	258	4490
10104	16629	17400	1396	1239	4482	4495	258	4495
10104	16629	17400	1396	1239	4482	4491	258	4491
10105	16630	17402	1396	1240	4458	4489	258	4489
10108	16631	17401	1392	1236	4469	4481	258	4481
10104	16628	17398	1395	1237	4509	4478	258	4478
10104	16629	17400	1396	1239	4482	4486	258	4486
10106	16630	17401	1394	1238	4463	4485	258	4485
10104	16627	17398	1394	1237	4488	4480	258	4480
10104	16629	17400	1396	1239	4482	4482	258	4482
10105	16630	17401	1396	1239	4482	4482	258	4482
10105	16629	17399	1395	1237	4509	4482	258	4482
10106	16630	17399	1394	1236	4512	4488	258	4488
10105	16630	17401	1396	1239	4482	4494	258	4494
10105	16630	17402	1396	1240	4458	4491	258	4491
10105	16629	17400	1395	1238	4485	4483	258	4483
10103	16627	17399	1395	1239	4460	4484	258	4484
10108	16633	17404	1394	1239	4439	4478	258	4478
10106	16631	17401	1395	1238	4485	4468	259	4468
10104	16629	17400	1396	1239	4482	4472	259	4472
10106	16630	17401	1394	1238	4463	4475	258	4475
10106	16631	17401	1395	1238	4485	4472	258	4472
10105	16629	17399	1395	1237	4509	4475	258	4475
10103	16628	17399	1396	1239	4482	4483	258	4483
10105	16629	17400	1395	1238	4485	4483	258	4483
10105	16629	17400	1395	1238	4485	4484	258	4484