17:18:42 - Sep 05, 2023
Raw P0	raw P1	raw P2	calc P1	calc P2	Curr.Div.	Av.Div.	PWM	Used Div.
 
10153	17973	18622	2671	2410	3987	4010	496	4010
10153	17974	18620	2672	2408	4023	4004	497	4004
10154	17971	18619	2668	2406	4003	4009	495	4009
10155	17974	18620	2670	2406	4025	4008	496	4008
10155	17974	18621	2670	2407	4013	4012	495	4012
10153	17972	18620	2670	2408	4001	4012	495	4012
10154	17973	18621	2670	2408	4001	4009	496	4009
10154	17974	18621	2671	2408	4012	4007	496	4007
10153	17973	18620	2671	2408	4012	4009	496	4009
10154	17973	18620	2670	2407	4013	4009	496	4009
10154	17973	18620	2670	2407	4013	4010	496	4010
10153	17973	18620	2671	2408	4012	4011	496	4011
10154	17974	18621	2671	2408	4012	4011	496	4011
10154	17973	18620	2670	2407	4013	4012	495	4012
10154	17964	18614	2661	2401	3987	4012	494	4012
10153	17945	18601	2643	2389	3934	4006	492	4006
10153	17926	18585	2624	2373	3919	3988	490	3988
10154	17908	18568	2605	2355	3929	3970	489	3970
10153	17889	18551	2587	2339	3926	3960	487	3960
10153	17870	18534	2568	2322	3924	3952	485	3952
10152	17851	18517	2551	2306	3932	3945	483	3945
10153	17833	18501	2531	2289	3918	3941	480	3941
10152	17814	18484	2514	2273	3926	3936	477	3936
10152	17796	18467	2496	2256	3936	3933	475	3933
10153	17784	18455	2482	2243	3940	3934	472	3934
10153	17782	18449	2480	2237	3996	3935	472	3935
10152	17782	18448	2482	2237	4020	3951	470	3951
10153	17782	18449	2480	2237	3996	3968	468	3968
10153	17783	18450	2481	2238	3995	3975	468	3975
10154	17784	18450	2481	2237	4008	3980	467	3980
10153	17782	18449	2480	2237	3996	3987	466	3987
10152	17782	18449	2482	2238	4007	3989	466	3989
10153	17783	18449	2481	2237	4008	3994	466	3994
10153	17782	18447	2480	2235	4023	3997	465	3997
10152	17781	18448	2481	2237	4008	4004	465	4004
10151	17781	18448	2482	2238	4007	4005	465	4005
10153	17783	18449	2481	2237	4008	4005	465	4005
10153	17782	18448	2480	2236	4009	4006	464	4006
10152	17782	18448	2482	2237	4020	4007	465	4007
10152	17781	18448	2481	2237	4008	4010	464	4010
10152	17782	18449	2482	2238	4007	4009	464	4009
10153	17782	18449	2480	2237	3996	4009	464	4009
10152	17782	18448	2482	2237	4020	4006	465	4006
10152	17779	18447	2479	2236	3997	4009	464	4009
10152	17772	18442	2472	2231	3980	4006	463	4006
10152	17757	18430	2457	2219	3959	4000	461	4000
10151	17739	18414	2440	2204	3954	3989	459	3989
10151	17723	18400	2424	2190	3948	3981	457	3981
10152	17707	18386	2407	2175	3943	3972	456	3972
10153	17692	18371	2390	2159	3952	3965	453	3965
10151	17674	18355	2375	2145	3958	3962	451	3962
10151	17658	18340	2359	2130	3966	3961	448	3961
10152	17643	18327	2343	2116	3960	3962	446	3962
10152	17626	18312	2326	2101	3955	3962	443	3962
10152	17611	18298	2311	2087	3961	3960	440	3960
10152	17595	18283	2295	2072	3969	3960	438	3960
10152	17578	18269	2278	2058	3949	3962	435	3962
10152	17563	18255	2263	2044	3956	3959	432	3959
10152	17546	18240	2246	2029	3951	3958	430	3958
10151	17530	18225	2231	2015	3957	3957	427	3957
10152	17515	18212	2215	2001	3951	3957	424	3957
10151	17498	18196	2199	1986	3959	3955	422	3955
10153	17484	18183	2182	1971	3953	3956	419	3956
10152	17467	18168	2167	1957	3960	3955	417	3955
10152	17451	18153	2151	1942	3969	3957	414	3957
10151	17436	18141	2137	1931	3943	3960	411	3960
10151	17421	18126	2122	1916	3966	3955	409	3955
10152	17407	18113	2107	1902	3973	3958	406	3958
10151	17391	18099	2092	1889	3965	3962	403	3962
10151	17377	18086	2078	1876	3970	3963	401	3963
10151	17364	18074	2065	1864	3974	3964	398	3964
10151	17355	18065	2056	1855	3989	3967	397	3967
10151	17349	18059	2050	1849	3998	3972	395	3972
10151	17345	18055	2046	1845	4004	3979	394	3979
10151	17339	18049	2040	1839	4014	3985	392	3985
10152	17337	18047	2037	1836	4019	3992	391	3992
10151	17338	18047	2039	1837	4032	3999	391	3999
10151	17338	18047	2039	1837	4032	4007	390	4007
10152	17338	18046	2038	1835	4050	4014	390	4014
10151	17337	18047	2038	1837	4017	4023	389	4023
10152	17338	18046	2038	1835	4050	4021	389	4021
10151	17337	18046	2038	1836	4033	4028	388	4028
10151	17338	18047	2039	1837	4032	4030	388	4030
10151	17337	18047	2038	1837	4017	4030	388	4030
10152	17338	18046	2038	1835	4050	4027	388	4027
10151	17337	18047	2038	1837	4017	4033	388	4033
10152	17338	18046	2038	1835	4050	4029	388	4029
10151	17338	18047	2039	1837	4032	4034	388	4034
10151	17338	18047	2039	1837	4032	4033	388	4033
10152	17338	18046	2038	1835	4050	4033	388	4033
10151	17338	18047	2039	1837	4032	4037	388	4037
10151	17338	18047	2039	1837	4032	4036	388	4036
10151	17338	18047	2039	1837	4032	4035	388	4035
10152	17338	18046	2038	1835	4050	4034	388	4034
10151	17338	18046	2039	1836	4048	4038	388	4038
10152	17338	18048	2038	1837	4017	4041	387	4041
10152	17338	18046	2038	1835	4050	4035	388	4035
10152	17338	18047	2038	1836	4033	4039	387	4039
10150	17337	18047	2040	1838	4030	4037	388	4037
10151	17338	18047	2039	1837	4032	4035	388	4035
10152	17338	18047	2038	1836	4033	4035	388	4035
10151	17337	18047	2038	1837	4017	4034	388	4034
10152	17339	18048	2039	1837	4032	4030	388	4030
10152	17338	18046	2038	1835	4050	4030	388	4030
10150	17337	18046	2040	1837	4046	4035	388	4035
10151	17338	18048	2039	1838	4015	4038	388	4038
10152	17339	18047	2039	1836	4048	4032	388	4032
10153	17340	18049	2038	1837	4017	4036	388	4036
10151	17337	18046	2038	1836	4033	4032	388	4032
10151	17338	18047	2039	1837	4032	4032	388	4032
10151	17337	18047	2038	1837	4017	4032	388	4032
10152	17338	18047	2038	1836	4033	4028	388	4028
10151	17338	18047	2039	1837	4032	4029	388	4029
10151	17337	18046	2038	1836	4033	4030	388	4030
10152	17338	18047	2038	1836	4033	4031	388	4031
10151	17337	18