17:42:44 - Sep 05, 2023
Raw P0	raw P1	raw P2	calc P1	calc P2	Curr.Div.	Av.Div.	PWM	Used Div.
 
10152	17338	18046	2038	1835	4050	4038	388	4038
10152	17337	18046	2037	1835	4035	4041	387	4041
10152	17337	18045	2037	1834	4051	4040	387	4040
10152	17336	18045	2036	1834	4037	4042	387	4042
10150	17336	18046	2039	1837	4032	4041	387	4041
10154	17341	18050	2038	1837	4017	4039	387	4039
10154	17340	18047	2037	1834	4051	4033	388	4033
10152	17338	18045	2038	1834	4066	4038	388	4038
10149	17336	18046	2040	1838	4030	4045	387	4045
10152	17338	18047	2038	1836	4033	4041	387	4041
10153	17338	18047	2036	1835	4020	4039	387	4039
10152	17337	18045	2037	1834	4051	4034	388	4034
10150	17336	18045	2039	1836	4048	4039	388	4039
10151	17337	18046	2038	1836	4033	4041	387	4041
10151	17332	18042	2033	1832	4025	4039	387	4039
10151	17321	18034	2022	1824	3994	4035	385	4035
10151	17305	18022	2006	1812	3954	4025	383	4025
10151	17292	18010	1993	1800	3958	4007	383	4007
10151	17277	17999	1978	1789	3916	3995	381	3995
10152	17265	17987	1965	1776	3936	3975	381	3975
10152	17250	17973	1950	1762	3944	3966	379	3966
10151	17234	17964	1935	1754	3850	3960	377	3960
10150	17221	17948	1924	1739	3936	3933	377	3933
10151	17204	17933	1905	1723	3915	3933	374	3933
10152	17188	17916	1888	1705	3961	3929	371	3929
10151	17169	17899	1870	1689	3956	3937	368	3937
10152	17151	17883	1851	1672	3954	3942	364	3942
10151	17136	17870	1837	1660	3942	3945	361	3945
10152	17121	17854	1821	1643	3988	3944	359	3944
10152	17105	17839	1805	1628	3998	3955	355	3955
10151	17088	17824	1789	1614	3990	3966	352	3966
10152	17073	17810	1773	1599	4001	3972	349	3972
10152	17057	17796	1757	1585	3993	3979	345	3979
10152	17042	17782	1742	1571	4002	3982	342	3982
10151	17027	17769	1728	1559	3990	3987	340	3987
10152	17013	17755	1713	1544	4018	3988	337	3988
10152	17000	17742	1700	1531	4043	3996	334	3996
10151	16987	17731	1688	1521	4027	4007	332	4007
10151	16976	17721	1677	1511	4029	4012	330	4012
10151	16965	17711	1666	1501	4031	4017	327	4017
10151	16955	17703	1656	1493	4011	4020	325	4020
10151	16947	17696	1648	1486	4006	4018	324	4018
10152	16938	17687	1638	1476	4026	4015	323	4015
10151	16931	17681	1632	1471	4018	4018	322	4018
10150	16925	17675	1628	1466	4046	4018	321	4018
10151	16920	17670	1621	1460	4040	4025	319	4025
10152	16917	17667	1617	1456	4048	4028	318	4028
10151	16913	17664	1614	1454	4034	4033	318	4033
10151	16912	17662	1613	1452	4056	4034	317	4034
10151	16911	17661	1612	1451	4058	4039	317	4039
10152	16910	17660	1610	1449	4063	4044	316	4044
10151	16907	17658	1608	1448	4046	4049	315	4049
10152	16903	17654	1603	1443	4056	4048	315	4048
10151	16894	17647	1595	1437	4031	4050	313	4050
10151	16886	17640	1587	1430	4027	4045	312	4045
10152	16878	17633	1578	1422	4025	4041	311	4041
10151	16870	17625	1571	1415	4039	4037	310	4037
10151	16861	17617	1562	1407	4037	4037	309	4037
10151	16853	17610	1554	1400	4033	4037	307	4037
10151	16845	17603	1546	1393	4028	4036	306	4036
10151	16836	17594	1537	1384	4048	4034	305	4034
10151	16827	17587	1528	1377	4024	4038	303	4038
10151	16817	17578	1518	1368	4023	4034	302	4034
10151	16804	17566	1505	1356	4030	4031	300	4031
10151	16789	17553	1490	1343	4018	4031	297	4031
10151	16774	17540	1475	1330	4006	4028	295	4028
10151	16761	17527	1462	1317	4035	4022	293	4022
10151	16750	17517	1451	1307	4037	4026	291	4026
10151	16741	17509	1442	1299	4035	4028	289	4028
10151	16735	17503	1436	1293	4049	4030	288	4030
10151	16730	17498	1431	1288	4060	4035	287	4035
10151	16725	17493	1426	1283	4072	4041	286	4041
10151	16721	17489	1422	1279	4081	4049	285	4049
10151	16717	17486	1418	1276	4067	4057	284	4057
10151	16713	17483	1414	1273	4053	4059	283	4059
10151	16709	17479	1410	1269	4063	4058	282	4058
10151	16706	17476	1407	1266	4070	4059	282	4059
10151	16702	17473	1403	1263	4056	4062	281	4062
10151	16698	17469	1399	1259	4065	4060	280	4060
10151	16695	17466	1396	1256	4072	4062	280	4062
10151	16691	17462	1392	1252	4082	4064	279	4064
10151	16687	17459	1388	1249	4067	4069	278	4069
10151	16684	17456	1385	1246	4075	4068	278	4068
10151	16681	17453	1382	1243	4082	4070	277	4070
10151	16680	17452	1381	1242	4084	4073	277	4073
10151	16679	17451	1380	1241	4087	4076	276	4076
10151	16676	17449	1377	1239	4070	4078	276	4078
10151	16675	17448	1376	1238	4072	4076	276	4076
10151	16675	17448	1376	1238	4072	4075	276	4075
10151	16675	17448	1376	1238	4072	4075	276	4075
10151	16675	17448	1376	1238	4072	4074	276	4074
10151	16675	17448	1376	1238	4072	4073	276	4073
10151	16677	17448	1378	1238	4116	4073	276	4073
10151	16675	17448	1376	1238	4072	4084	275	4084
10151	16675	17448	1376	1238	4072	4081	275	4081
10151	16675	17448	1376	1238	4072	4079	275	4079
10152	16676	17448	1376	1237	4096	4077	276	4077
10151	16675	17448	1376	1238	4072	4082	275	4082
10152	16676	17448	1376	1237	4096	4079	275	4079
10152	16675	17448	1375	1237	4075	4083	275	4083
10152	16676	17448	1376	1237	4096	4081	275	4081
10151	16675	17448	1376	1238	4072	4085	275	4085
10151	16676	17448	1377	1238	4094	4082	275	4082
10151	16676	17448	1377	1238	4094	4085	275	4085
10151	16675	17448	1376	1238	4072	4087	275	4087
10151	16675	17448	1376	1238	4072	4083	275	4083
10152	16676	17448	1376	1237	4096	4081	275	4081
10152	16676	17448	1376	1237	4096	4084	275	4084
10151	16676	17448	1377	1238	4094	4087	275	4087
10152	16676	17448	1376	1237	4096	4089	275	4089
10151	16675	17448	1376	1238	4072	4091	275	4091
10152	16676	17448	1376	1237	4096	4086	275	4086
10151	16676	17448	1377	1238	4094	4089	275	4089
10151	16675	17448	1376	1238	4072	4090	275	4090
10151	16675	17448	1376	1238	4072	4085	275	4085
10152	16676	17448	1376	1237	4096	4082	275	4082
10151	16676	17448	1377	1238	4094	4086	275	4086
10151	16675	17448	1376	1238	4072	4088	275	4088
10151	16675	17448	1376	1238	4072	4084	275	4084
10152	16676	17448	1376	1237	4096	4081	275	4081
10151	16676	17448	1377	1238	4094	4084	275	4084
10151	16675	17448	1376	1238	4072	4087	275	4087
10151	16675	17448	1376	1238	4072	4083	275	4083
10151	16675	17447	1376	1237	4096	4080	275	4080
10151	16675	17448	1376	1238	4072	4084	275	4084
10151	16675	17448	1376	1238	4072	4081	275	4081
10152	16676	17448	1376	1237	4096	4079	275	4079
10152	16675	17447	1375	1236	4099	4083	275	4083
10151	16675	17448	1376	1238	4072	4087	275	4087
10151	16676	17448	1377	1238	4094	4084	275	4084
10152	16676	17448	1376	1237	4096	4086	275	4086
10152	16676	17448	1376	1237	4096	4089	275	4089
10151	16676	17448	1377	1238	4094	4090	275	4090
10152	16676	17448	1376	1237	4096	4091	275	4091
10152	16676	17448	1376	1237	4096	4093	275	4093
10151	16675	17448	1376	1238	4072	4093	275	4093
10151	16675	17448	1376	1238	4072	4088	275	4088
10152	16676	17448	1376	1237	4096	4084	275	4084
10152	16676	17448	1376	1237	4096	4087	275	4087
10152	16675	17448	1375	1237	4075	4089	275	4089
10152	16676	17448	1376	1237	4096	4086	275	4086
10151	16675	17448	1376	1238	4072	4088	275	4088
10152	16676	17448	1376	1237	4096	4084	275	4084
10152	16676	17448	1376	1237	4096	4087	275	4087
10152	16676	17448	1376	1237	4096	4090	275	4090
10151	16675	17448	1376	1238	4072	4091	275	4091
10152	16676	17449	1376	1238	4072	4086	275	4086
10153	16676	17448	1374	1236	4077	4083	275	4083
10156	16678	17449	1372	1234	4082	4081	275	4081
10152	16676	17448	1376	1237	4096	4082	275	4082
10155	16681	17454	1377	1240	4046	4085	275	4085
10156	16679	17449	1373	1234	4104	4075	275	4075
10149	16673	17447	1377	1239	4070	4083	275	4083
10152	16674	17444	1374	1233	4150	4079	275	4079
10152	16676	17448	1376	1237	4096	4097	274	4097
10150	16675	17450	1378	1241	4043	4097	275	4097
10153	16677	17448	1375	1236	4099	4083	275	4083
10152	16677	17449	1377	1238	4094	4087	275	4087
10151	16674	17446	1375	1236	4099	4089	275	4089
10150	16676	17449	1379	1240	4089	4092	275	4092
10151	16676	17448	1377	1238	4094	4091	275	4091
10152	16677	17448	1377	1237	4118	4092	275	4092
10153	16677	17448	1375	1236	4099	4098	274	4098
10151	16675	17447	1376	1237	4096	4098	274	4098
10150	16675	17448	1378	1239	4092	4098	275	4098
10152	16677	17449	1377	1238	4094	4096	275	4096
10152	16676	17449	1376	1238	4072	4096	275	4096
10150	16675	17448	1378	1239	4092	4090	275	4090
10152	16676	17448	1376	1237	4096	4090	275	4090
10151	16676	17451	1377	1241	4022	4092	275	4092
10153	16676	17447	1374	1235	4101	4074	275	4074
10151	16676	17449	1377	1239	4070	4081	276	4081
10152	16677	17450	1377	1239	4070	4078	276	4078
10152	16678	17450	1378	1239	4092	4076	276	4076
10152	16675	17447	1375	1236	4099	4080	275	4080
10152	16677	17448	1377	1237	4118	4085	275	4085
10151	16677	17450	1378	1240	4067	4093	275	4093
10152	16676	17449	1376	1238	4072	4087	275	4087
10151	16676	17448	1377	1238	4094	4083	275	4083
10153	16678	17451	1376	1239	4048	4086	275	4086
10153	16677	17447	1375	1235	4123	4076	275	4076
10150	16675	17448	1378	1239	4092	4088	275	4088
10151	16677	17450	1378	1240	4067	4089	275	4089
10152	16677	17449	1377	1238	4094	4084	275	4084
10151	16676	17447	1377	1237	4118	4086	275	4086
10151	16675	17448	1376	1238	4072	4094	275	4094
10152	16677	17449	1377	1238	4094	4089	275	4089
10153	16678	17449	1376	1237	4096	4090	275	4090
10152	16677	17448	1377	1237	4118	4091	275	4091
10150	16676	17448	1379	1239	4113	4098	275	4098
10152	16677	17449	1377	1238	4094	4102	274	4102
10152	16676	17449	1376	1238	4072	4100	274	4100
10153	16678	17449	1376	1237	4096	4093	275	4093
10150	16675	17447	1378	1238	4116	4094	275	4094
10152	16676	17448	1376	1237	4096	4099	274	4099
10151	16676	17448	1377	1238	4094	4098	275	4098
10151	16675	17447	1376	1237	4096	4097	274	4097
10151	16676	17448	1377	1238	4094	4097	275	4097
10151	16675	17448	1376	1238	4072	4096	275	4096
10152	16676	17447	1376	1236	4121	4090	275	4090
10152	16676	17448	1376	1237	4096	4098	274	4098
10151	16675	17447	1376	1237	4096	4098	274	4098
10152	16677	17449	1377	1238	4094	4097	275	4097
10152	16677	17449	1377	1238	4094	4096	275	4096
10151	16676	17448	1377	1238	4094	4096	275	4096
10151	16676	17448	1377	1238	4094	4095	275	4095
10152	16676	17448	1376	1237	4096	4095	275	4095
10152	16677	17448	1377	1237	4118	4095	275	4095
10151	16676	17448	1377	1238	4094	4101	274	4101
10151	16676	17447	1377	1237	4118	4099	274	4099
10151	16676	17448	1377	1238	4094	4104	274	4104
10151	16676	17448	1377	1238	4094	4102	274	4102
10152	16676	17447	1376	1236	4121	4100	274	4100
10151	16675	17448	1376	1238	4072	4105	274	4105
10151	16676	17448	1377	1238	4094	4097	275	4097
10151	16676	17448	1377	1238	4094	4096	275	4096
10150	16675	17448	1378	1239	4092	4095	275	4095
10155	16679	17450	1375	1236	4099	4095	274	4095
10152	16675	17445	1375	1234	4147	4096	274	4096
10151	16676	17448	1377	1238	4094	4108	274	4108
10151	16677	17450	1378	1240	4067	4105	274	4105
10154	16678	17449	1375	1236	4099	4095	274	4095
10151	16676	17448	1377	1238	4094	4096	275	4096
10151	16676	17448	1377	1238	4094	4096	275	4096
10152	16676	17448	1376	1237	4096	4095	275	4095
10151	16675	17447	1376	1237	4096	4096	275	4096
10151	16676	17448	1377	1238	4094	4096	275	4096
10150	16676	17449	1379	1240	4089	4095	275	4095
10152	16677	17449	1377	1238	4094	4094	275	4094
10152	16677	17449	1377	1238	4094	4094	275	4094
10152	16677	17448	1377	1237	4118	4094	275	4094
10151	16675	17447	1376	1237	4096	4100	274	4100
10152	16676	17448	1376	1237	4096	4099	274	4099
10152	16676	17448	1376	1237	4096	4098	274	4098
10152	16677	17449	1377	1238	4094	4097	275	4097
10151	16676	17448	1377	1238	4094	4097	275	4097
10151	16677	17449	1378	1239	4092	4096	275	4096
10153	16679	17451	1377	1239	4070	4095	275	4095
10152	16676	17448	1376	1237	4096	4089	275	4089
10152	16676	17448	1376	1237	4096	4090	275	4090
10153	16678	17450	1376	1238	4072	4092	275	4092
10152	16676	17448	1376	1237	4096	4087	275	4087
10150	16675	17448	1378	1239	4092	4089	275	4089
10151	16676	17449	1377	1239	4070	4090	275	4090
10152	16677	17448	1377	1237	4118	4085	275	4085
10150	16675	17448	1378	1239	4092	4093	275	4093
10153	16678	17450	1376	1238	4072	4093	275	4093
10152	16677	17448	1377	1237	4118	4088	275	4088
10151	16675	17448	1376	1238	4072	4095	275	4095
10152	16676	17449	1376	1238	4072	4089	275	4089
10153	16678	17450	1376	1238	4072	4085	275	4085
10152	16676	17448	1376	1237	4096	4082	275	4082
10155	16679	17449	1375	1235	4123	4085	275	4085
10152	16676	17449	1376	1238	4072	4095	275	4095
10155	16679	17449	1375	1235	4123	4089	275	4089
10150	16674	17446	1377	1237	4118	4098	275	4098
10151	16676	17449	1377	1239	4070	4103	274	4103
10156	16681	17452	1375	1237	4075	4094	274	4094
10153	16677	17449	1375	1237	4075	4090	275	4090
10151	16676	17450	1377	1240	4046	4086	275	4086
10152	16676	17448	1376	1237	4096	4076	276	4076
10152	16676	17448	1376	1237	4096	4081	275	4081
10152	16677	17449	1377	1238	4094	4085	275	4085
10153	16677	17448	1375	1236	4099	4087	275	4087
10150	16676	17450	1379	1241	4065	4090	275	4090
10152	16678	17453	1378	1242	4019	4084	276	4084
10152	16678	17449	1378	1238	4116	4067	276	4067
10153	16677	17448	1375	1236	4099	4080	275	4080
10150	16676	17449	1379	1240	4089	4084	276	4084
10152	16677	17449	1377	1238	4094	4086	275	4086
10154	16678	17449	1375	1236	4099	4088	275	4088
10152	16676	17448	1376	1237	4096	4090	275	4090
10152	16677	17450	1377	1239	4070	4092	275	4092
10152	16675	17448	1375	1237	4075	4086	275	4086
10151	16677	17448	1378	1238	4116	4084	276	4084
10151	16677	17449	1378	1239	4092	4092	275	4092
10151	16676	17448	1377	1238	4094	4092	275	4092
10150	16676	17449	1379	1240	4089	4092	275	4092
10151	16677	17450	1378	1240	4067	4091	275	4091
10154	16677	17448	1374	1235	4101	4085	275	4085
10153	16677	17448	1375	1236	4099	4089	275	4089
10151	16677	17451	1378	1241	4043	4092	275	4092
10154	16678	17449	1375	1236	4099	4080	275	4080
10152	16676	17448	1376	1237	4096	4084	275	4084
10151	16675	17447	1376	1237	4096	4087	275	4087
10150	16676	17448	1379	1239	4113	4090	275	4090
10150	16676	17450	1379	1241	4065	4095	275	4095
10153	16679	17451	1377	1239	4070	4088	275	4088
10152	16676	17447	1376	1236	4121	4083	275	4083
10151	16676	17448	1377	1238	4094	4093	275	4093
10150	16675	17448	1378	1239	4092	4093	275	4093
10151	16676	17448	1377	1238	4094	4093	275	4093
10151	16676	17448	1377	1238	4094	4093	275	4093
10152	16676	17448	1376	1237	4096	4093	275	4093
10151	16675	17447	1376	1237	4096	4094	275	4094
10150	16675	17448	1378	1239	4092	4095	275	4095
10151	16676	17449	1377	1239	4070	4094	275	4094
10154	16679	17451	1376	1238	4072	4088	275	4088
10154	16678	17449	1375	1236	4099	4084	275	4084
10150	16675	17447	1378	1238	4116	4088	275	4088
10151	16676	17447	1377	1237	4118	4095	275	4095
10153	16678	17449	1376	1237	4096	4100	274	4100
10151	16676	17448	1377	1238	4094	4099	274	4099
10151	16676	17448	1377	1238	4094	4098	275	4098
10151	16676	17448	1377	1238	4094	4097	275	4097
10151	16676	17448	1377	1238	4094	4096	275	4096
10153	16678	17450	1376	1238	4072	4096	275	4096
10153	16676	17447	1374	1235	4101	4090	275	4090
10150	16675	17448	1378	1239	4092	4093	275	4093
10151	16677	17451	1378	1241	4043	4092	275	4092
10154	16678	17448	1375	1235	4123	4080	275	4080
10151	16676	17447	1377	1237	4118	4091	275	4091
10150	16675	17447	1378	1238	4116	4098	275	4098
10151	16676	17448	1377	1238	4094	4102	274	4102
10152	16676	17448	1376	1237	4096	4100	274	4100
10151	16675	17448	1376	1238	4072	4099	274	4099
10152	16677	17449	1377	1238	4094	4092	275	4092
10152	16676	17448	1376	1237	4096	4093	275	4093
10151	16676	17448	1377	1238	4094	4094	275	4094
10153	16676	17447	1374	1235	4101	4094	274	4094
10151	16675	17447	1376	1237	4096	4095	275	4095
10152	16677	17449	1377	1238	4094	4096	275	4096
10151	16676	17448	1377	1238	4094	4095	275	4095
10151	16676	17448	1377	1238	4094	4095	275	4095
10151	16676	17448	1377	1238	4094	4095	275	4095
10150	16675	17448	1378	1239	4092	4094	275	4094
10151	16676	17447	1377	1237	4118	4094	275	4094
10151	16676	17449	1377	1239	4070	4100	274	4100
10154	16678	17449	1375	1236	4099	4092	275	4092
10153	16678	17449	1376	1237	4096	4094	275	4094
10151	16676	17448	1377	1238	4094	4095	275	4095
10150	16675	17448	1378	1239	4092	4094	275	4094
10152	16677	17450	1377	1239	4070	4094	275	4094
10153	16679	17450	1377	1238	4094	4088	275	4088
10152	16677	17448	1377	1237	4118	4089	275	4089
10152	16677	17448	1377	1237	4118	4097	275	4097
10152	16677	17448	1377	1237	4118	4102	274	4102
10152	16677	17448	1377	1237	4118	4106	274	4106
10152	16676	17447	1376	1236	4121	4109	274	4109
10151	16676	17449	1377	1239	4070	4112	274	4112
10153	16678	17450	1376	1238	4072	4101	274	4101
10152	16675	17447	1375	1236	4099	4094	274	4094
10151	16677	17449	1378	1239	4092	4095	275	4095
10152	16677	17448	1377	1237	4118	4095	275	4095
10152	16676	17447	1376	1236	4121	4100	274	4100
10152	16677	17448	1377	1237	4118	4106	274	4106
10152	16676	17447	1376	1236	4121	4109	274	4109
10150	16675	17449	1378	1240	4067	4112	274	4112
10151	16676	17447	1377	1237	4118	4100	274	4100
10152	16677	17449	1377	1238	4094	4105	274	4105
10150	16675	17447	1378	1238	4116	4102	274	4102
10151	16676	17449	1377	1239	4070	4106	274	4106
10151	16676	17448	1377	1238	4094	4097	275	4097
10151	16675	17448	1376	1238	4072	4096	275	4096
10151	16676	17449	1377	1239	4070	4090	275	4090
10152	16676	17448	1376	1237	4096	4085	275	4085
10151	16676	17447	1377	1237	4118	4088	275	4088
10151	16676	17448	1377	1238	4094	4095	275	4095
10151	16676	17448	1377	1238	4094	4095	275	4095
10152	16677	17449	1377	1238	4094	4095	275	4095
10152	16675	17448	1375	1237	4075	4094	274	4094
10150	16675	17447	1378	1238	4116	4090	275	4090
10151	16676	17448	1377	1238	4094	4096	275	4096
10153	16677	17447	1375	1235	4123	4096	274	4096
10150	16676	17448	1379	1239	4113	4102	275	4102
10152	16676	17448	1376	1237	4096	4105	274	4105
10151	16675	17446	1376	1236	4121	4103	274	4103
10150	16675	17447	1378	1238	4116	4107	274	4107
10152	16676	17448	1376	1237	4096	4110	274	4110
10152	16676	17447	1376	1236	4121	4106	274	4106
10151	16676	17448	1377	1238	4094	4110	274	4110
10150	16675	17448	1378	1239	4092	4106	274	4106
10152	16677	17448	1377	1237	4118	4102	274	4102
10152	16676	17448	1376	1237	4096	4106	274	4106
10151	16675	17447	1376	1237	4096	4104	274	4104
10151	16676	17448	1377	1238	4094	4102	274	4102
10152	16677	17448	1377	1237	4118	4100	274	4100
10153	16678	17449	1376	1237	4096	4104	274	4104
10150	16675	17447	1378	1238	4116	4102	274	4102
10152	16676	17448	1376	1237	4096	4106	274	4106
10151	16676	17447	1377	1237	4118	4103	274	4103
10151	16674	17446	1375	1236	4099	4107	274	4107
10150	16675	17448	1378	1239	4092	4105	274	4105
10151	16676	17448	1377	1238	4094	4102	274	4102
10151	16676	17448	1377	1238	4094	4100	274	4100
10150	16675	17448	1378	1239	4092	4098	275	4098
10151	16676	17448	1377	1238	4094	4097	275	4097
17:49:34 - Sep 05, 2023
Raw P0	raw P1	raw P2	calc P1	calc P2	Curr.Div.	Av.Div.	PWM	Used Div.
 
10150	16675	17448	1378	1239	4092	4115	274	4115
10151	16677	17449	1378	1239	4092	4110	274	4110
10151	16676	17449	1377	1239	4070	4105	274	4105
10151	16677	17449	1378	1239	4092	4096	275	4096
10152	16677	17449	1377	1238	4094	4095	275	4095
10152	16677	17448	1377	1237	4118	4095	275	4095
10151	16676	17448	1377	1238	4094	4101	274	4101
10151	16675	17447	1376	1237	4096	4099	274	4099
10151	16677	17449	1378	1239	4092	4098	275	4098
10151	16675	17447	1376	1237	4096	4097	274	4097
10150	16675	17446	1378	1237	4140	4097	275	4097
10150	16676	17448	1379	1239	4113	4107	274	4107
10153	16678	17448	1376	1236	4121	4109	274	4109
10150	16675	17446	1378	1237	4140	4112	274	4112
10151	16675	17446	1376	1236	4121	4119	273	4119
10152	16678	17449	1378	1238	4116	4119	274	4119
10150	16677	17450	1380	1241	4087	4119	274	4119
10153	16678	17448	1376	1236	4121	4111	274	4111
10151	16675	17446	1376	1236	4121	4113	274	4113
10150	16674	17446	1377	1237	4118	4115	274	4115
10149	16675	17448	1379	1240	4089	4116	274	4116
10151	16676	17447	1377	1237	4118	4109	274	4109
10150	16675	17447	1378	1238	4116	4111	274	4111
10151	16675	17447	1376	1237	4096	4113	274	4113
10151	16676	17447	1377	1237	4118	4108	274	4108
10150	16675	17446	1378	1237	4140	4111	274	4111
10152	16676	17447	1376	1236	4121	4118	273	4118
10150	16676	17447	1379	1238	4137	4119	274	4119
10151	16675	17446	1376	1236	4121	4123	273	4123
10150	16675	17447	1378	1238	4116	4123	273	4123
10150	16675	17447	1378	1238	4116	4121	273	4121
10152	16677	17447	1377	1236	4142	4120	273	4120
